4	1	1	1	0.5	0.5	0.5	2	2	1	0.25	1	2	1	1	2	1	1	0.5	49	5120	49	0.7	45	88.1	65	65	45	8	6.9
4	1	1	1	0.5	0.5	0.5	2	2	1	0.25	1	2	1	1	2	1	1	0.5	62	5120	63	1	60	88.1	80	80	60	8	13
4	1	1	1	0.5	0.5	0.5	2	2	1	0.25	1	2	1	1	2	1	1	0.5	100	5120	123	2	80	88.1	122	120	80	8	100
2	0.5	1	1	1	0.5	1	0.5	1	1	0.5	2	0.5	1	1	1	2	0.5	2	52	5120	43	0.6	39	88.1	60	50	65	0	8.5
2	0.5	1	1	1	0.5	1	0.5	1	1	0.5	2	0.5	1	1	1	2	0.5	2	64	5120	58	1.1	58	88.1	80	65	80	0	19
2	0.25	1	1	2	0.5	0.5	0.5	1	1	0.25	0	1	1	1	1	4	0.5	2	104	5120	78	1.7	78	88.1	159	115	100	10	90.5
3	1	1	1	2	1	1	0.5	1	1	2	1	0.5	1	1	1	1	0.5	0.5	48	5120	65	0.5	44	88.1		64	43	0	9
3	1	1	1	2	1	1	0.5	1	1	2	1	0.5	1	1	1	1	0.5	0.5	63	5120	80	1	59	88.1	65	80	58	0	22.5
3	1	1	1	2	1	1	0.5	1	1	2	1	0.5	1	1	1	1	0.5	0.5	103	5120	120	1.6	79	88.1	135	115	78	0	85.5
12	1	1	1	1	1	0.5	2	2	1	0.5	0.5	1	1	1	1	2	1	1	30	3840	35	0.3	45	50	20	20	45	0	2.9
12	1	1	1	1	1	0.5	2	2	1	0.5	0.5	1	1	1	1	2	1	1	20	3840	55	0.7	50	50	25	25	30	0	9.9
12	0.5	1	1	2	1	0.25	2	2	1	0.25	0	2	1	1	1	4	1	1	45	3840	50	1.1	60	50	90	80	70	10	32
12	0.5	1	1	1	0.5	0.25	2	2	1	0.25	1	1	1	0.5	2	2	1	1	35	3840	30	0.3	40	50	20	20	50	8	3.2
12	0.5	1	1	1	0.5	0.25	2	2	1	0.25	1	1	1	0.5	2	2	1	1	25	3840	50	0.6	45	50	25	25	35	8	10
12	0.5	1	1	1	0.5	0.25	2	2	1	0.25	1	1	1	0.5	2	2	1	1	150	3840	40	1	65	50	15	80	145	8	29.5
1	0.5	1	1	2	1	1	1	1	0	0.5	0	2	1	1	1	2	1	1	45	3840	40	0.3	40	50	35	35	56	10	1.8
1	0.5	1	1	2	1	1	1	1	0	0.5	0	2	1	1	1	2	1	1	60	3840	55	1.1	63	50	50	50	71	10	30
1	0.5	1	1	2	1	1	1	1	0	0.5	0	2	1	1	1	2	1	1	80	3840	80	1.5	83	50	135	80	121	10	39.5
1	1	1	1	1	1	2	1	1	0	1	1	1	1	1	1	1	1	1	56	3840	35	0	30	50	25	35	72	15	0
1	1	1	1	1	1	2	1	1	0	1	1	1	1	1	1	1	1	1	71	3840	70	0	75	50	40	80	77	15	0
1	0.5	1	1	2	1	1	1	1	0	0.5	0	2	1	1	1	2	1	1	60	3840	30	0.3	40	50	31	31	70	10	2
1	0.5	1	1	2	1	1	1	1	0	0.5	0	2	1	1	1	2	1	1	90	3840	65	1.2	65	50	61	61	100	10	38
8	0.5	1	1	1	0.5	0.5	1	1	1	0.5	2	1	1	0.5	2	1	1	1	60	5120	44	2	35	50	40	54	55	0	6.9
8	0.5	1	1	1	0.5	0.5	1	1	1	0.5	2	1	1	0.5	2	1	1	1	95	5120	69	3.5	60	50	65	79	80	0	65
5	1	1	1	0.5	1	1	1	0.5	1	1	2	1	1	1	1	1	0.5	1	55	2560	40	0.4	35	50	50	50	90	0	6
5	1	1	1	0.5	1	1	1	0.5	1	1	2	1	1	1	1	1	0.5	1	85	2560	50	0	60	50	95	85	110	5	0
9	1	1	1	0	1	1	1	1	1	2	1	2	1	0.5	1	0.5	1	2	75	5120	90	0	50	50	10	35	40	6	0
9	1	1	1	0	1	1	1	1	1	2	1	2	1	0.5	1	0.5	1	2	100	5120	120	0	75	50	25	65	65	6	0
8	0.5	1	1	1	0.5	0.5	1	1	1	0.5	2	1	1	0.5	2	1	1	1	47	5120	52	0.4	55	0	40	40	41	0	7
8	0.5	1	1	1	0.5	0.5	1	1	1	0.5	2	1	1	0.5	2	1	1	1	62	5120	67	0.8	70	0	55	55	56	0	20
8	0.5	1	1	0	0.5	0.5	1	1	1	1	2	2	1	0.25	2	0.5	1	2	92	5120	87	1.3	90	0	75	85	76	9	60
8	0.5	1	1	1	0.5	0.5	1	1	1	0.5	2	1	1	0.5	2	1	1	1	57	5120	40	0.5	46	100	40	40	50	0	9
8	0.5	1	1	1	0.5	0.5	1	1	1	0.5	2	1	1	0.5	2	1	1	1	72	5120	57	0.9	61	100	55	55	65	0	19.5
8	0.5	1	1	0	0.5	0.5	1	1	1	1	2	2	1	0.25	2	0.5	1	2	102	5120	77	1.4	81	100	85	75	85	9	62
18	0.5	0.5	0	1	1	0.5	1	1	1	1	1	1	1	2	1	1	2	1	45	2560	48	0.6	70	24.6	60	65	35	0	7.5
18	0.5	0.5	0	1	1	0.5	1	1	1	1	1	1	1	2	1	1	2	1	70	2560	73	1.3	95	24.6	95	90	60	0	40
2	0.5	1	1	1	0.5	1	0.5	1	1	0.5	2	0.5	1	1	1	2	0.5	2	41	5120	40	0	38	24.6	50	65	65	6	0
2	0.5	1	1	1	0.5	1	0.5	1	1	0.5	2	0.5	1	1	1	2	0.5	2	67	5120	75	0	73	24.6	81	100	109	6	0
1	0.5	0.5	0	1	1	1	1	1	0	1	1	1	1	2	1	1	2	1	45	2560	20	0.5	115	24.6	45	25	20	18	5.5
1	0.5	0.5	0	1	1	1	1	1	0	1	1	1	1	2	1	1	2	1	70	2560	45	1	140	24.6	85	50	45	18	12
8	0.25	1	1	2	0.5	0.25	1	1	1	0.25	0	2	1	0.5	2	2	1	1	45	3840	35	0.8	40	50	30	40	55	10	7.5
8	0.25	1	1	2	0.5	0.25	1	1	1	0.25	0	2	1	0.5	2	2	1	1	80	3840	70	1.6	75	50	65	75	90	10	55
4	1	1	1	0.5	0.5	0.5	2	2	1	0.25	1	2	1	1	2	1	1	0.5	50	5120	55	0.5	45	50	75	65	30	8	5.4
4	1	1	1	0.5	0.5	0.5	2	2	1	0.25	1	2	1	1	2	1	1	0.5	65	5120	70	0.8	60	50	85	75	40	8	8.6
4	1	1	1	0.5	0.5	0.5	2	2	1	0.25	1	2	1	1	2	1	1	0.5	80	5120	85	1.2	75	50	110	90	50	8	18.6
12	2	1	1	0.5	1	0.5	4	4	1	0.25	0.25	2	1	2	1	2	1	0.5	70	5120	55	0.3	35	50	45	55	25	4	5.4
12	2	1	1	0.5	1	0.5	4	4	1	0.25	0.25	2	1	2	1	2	1	0.5	95	5120	80	1	60	50	60	80	30	4	29.5
12	0.5	1	1	1	0.5	0.25	2	2	1	0.25	1	1	1	0.5	2	2	1	1	55	5120	50	1	60	50	40	55	45	8	30
12	0.5	1	1	1	0.5	0.25	2	2	1	0.25	1	1	1	0.5	2	2	1	1	65	5120	60	1.5	70	50	90	75	90	8	12.5
9	1	1	1	0	1	1	1	1	1	2	1	2	1	0.5	1	0.5	1	2	55	5120	30	0	10	50	35	45	90	9	0
9	1	1	1	0	1	1	1	1	1	2	1	2	1	0.5	1	0.5	1	2	100	5120	60	0	35	50	50	70	110	9	0
1	1	1	1	1	1	2	1	1	0	1	1	1	1	1	1	1	1	1	35	5120	35	0	40	50	50	40	90	15	0
1	1	1	1	1	1	2	1	1	0	1	1	1	1	1	1	1	1	1	60	5120	60	0	65	50	75	65	115	15	0
3	1	1	1	2	1	1	0.5	1	1	2	1	0.5	1	1	1	1	0.5	0.5	52	5120	48	0.8	50	50	65	50	55	0	19.6
3	1	1	1	2	1	1	0.5	1	1	2	1	0.5	1	1	1	1	0.5	0.5	82	5120	78	1.7	80	50	95	80	85	0	76.6
7	0.5	0.5	1	1	2	1	1	2	1	1	1	1	1	1	2	0.5	1	1	80	5120	35	0.5	40	50	35	45	70	0	28
7	0.5	0.5	1	1	2	1	1	2	1	1	1	1	1	1	2	0.5	1	1	105	5120	60	1	65	50	60	70	95	0	32
2	0.5	1	1	1	0.5	1	0.5	1	1	0.5	2	0.5	1	1	1	2	0.5	2	70	5120	45	0.7	55	75.4	70	50	60	0	19
2	0.5	1	1	1	0.5	1	0.5	1	1	0.5	2	0.5	1	1	1	2	0.5	2	110	5120	80	1.9	90	75.4	100	80	95	0	155
3	1	1	1	2	1	1	0.5	1	1	2	1	0.5	1	1	1	1	0.5	0.5	50	5120	40	0.6	40	50	40	40	90	0	12.4
3	1	1	1	2	1	1	0.5	1	1	2	1	0.5	1	1	1	1	0.5	0.5	65	5120	65	1	65	50	50	50	90	0	20
3	0.5	0.5	1	2	2	1	0.5	2	1	2	1	0.5	1	1	2	0.5	0.5	0.5	95	5120	95	1.3	90	50	70	90	70	7	54
11	2	2	1	1	1	0.5	1	1	2	1	1	1	1	1	0.5	1	1	1	20	5120	15	0.9	25	75.4	105	55	90	0	19.5
11	2	2	1	1	1	0.5	1	1	2	1	1	1	1	1	0.5	1	1	1	35	5120	30	1.3	40	75.4	120	70	105	0	56.5
11	2	2	1	1	1	0.5	1	1	2	1	1	1	1	1	0.5	1	1	1	50	5120	65	1.5	55	75.4	175	105	150	0	48
7	0.5	0.5	1	1	2	1	1	2	1	1	1	1	1	1	2	0.5	1	1	80	5120	50	0.8	70	75.4	35	35	35	0	19.5
7	0.5	0.5	1	1	2	1	1	2	1	1	1	1	1	1	2	0.5	1	1	100	5120	70	1.5	80	75.4	50	60	45	0	70.5
7	0.5	0.5	1	1	2	1	1	2	1	1	1	1	1	1	2	0.5	1	1	130	5120	80	1.6	90	75.4	65	85	55	0	130
4	1	1	1	0.5	0.5	0.5	2	2	1	0.25	1	2	1	1	2	1	1	0.5	75	5120	35	0.7	50	50	70	30	40	8	4
4	1	1	1	0.5	0.5	0.5	2	2	1	0.25	1	2	1	1	2	1	1	0.5	90	5120	50	1	65	50	85	45	55	8	6.4
4	1	1	1	0.5	0.5	0.5	2	2	1	0.25	1	2	1	1	2	1	1	0.5	105	5120	65	1.7	80	50	100	70	70	8	15.5
3	0.5	1	1	2	0.5	0.5	0.5	1	1	1	2	0.5	1	0.5	2	1	0.5	0.5	40	5120	35	0.9	40	50	50	100	70	8	45.5
3	0.5	1	1	2	0.5	0.5	0.5	1	1	1	2	0.5	1	0.5	2	1	0.5	0.5	70	5120	65	1.6	80	50	80	120	100	8	55
13	1	1	1	0	1	2	0.5	0.5	1	4	2	2	0.5	0.25	1	0.5	2	4	80	3840	100	0	40	50	30	30	20	9	0
13	1	1	1	0	1	2	0.5	0.5	1	4	2	2	0.5	0.25	1	0.5	2	4	95	3840	115	0	55	50	45	45	35	9	0
13	1	1	1	0	1	2	0.5	0.5	1	4	2	2	0.5	0.25	1	0.5	2	4	120	3840	130	0	80	50	55	65	45	9	0
2	0.5	1	1	1	0.5	1	0.5	1	1	0.5	2	0.5	1	1	1	2	0.5	2	85	5120	55	1	50	50	65	65	90	0	30
2	0.5	1	1	1	0.5	1	0.5	1	1	0.5	2	0.5	1	1	1	2	0.5	2	100	5120	70	1.7	65	50	80	80	105	0	95
3	2	2	1	2	1	0.5	0.5	1	2	2	1	0.5	1	1	0.5	1	0.5	0.5	65	5120	65	1.2	90	50	40	40	15	11	36
3	2	2	1	2	1	0.5	0.5	1	2	2	1	0.5	1	1	0.5	1	0.5	0.5	75	5120	180	1.6	95	50	130	80	30	11	78.5
5	0.5	1	0.5	0.5	0.5	2	2	0.25	1	0.5	4	0.5	0.5	0	0.5	0.5	0.25	1	35	5120	70	0.3	25	0	95	55	45	17	6
5	0.5	1	0.5	0.5	0.5	2	2	0.25	1	0.5	4	0.5	0.5	0	0.5	0.5	0.25	1	60	5120	95	1	50	0	120	70	70	17	60
1	0.5	1	1	2	1	1	1	1	0	0.5	0	2	1	1	1	2	1	1	90	5120	55	0.8	52	50	58	62	60	10	15
1	0.5	1	1	2	1	1	1	1	0	0.5	0	2	1	1	1	2	1	1	85	5120	45	1.4	35	50	35	35	75	10	39.2
1	0.5	1	1	2	1	1	1	1	0	0.5	0	2	1	1	1	2	1	1	110	5120	70	1.8	60	50	60	60	110	10	85.2
3	1	1	1	2	1	1	0.5	1	1	2	1	0.5	1	1	1	1	0.5	0.5	45	5120	55	1.1	65	50	45	70	45	0	90
3	1	1	1	2	1	2	1	1	1	2	1	0.25	1	1	1	2	1	0.5	70	5120	80	1.7	90	50	70	95	70	6	120
8	0.5	1	1	1	0.5	0.5	1	1	1	0.5	2	1	1	0.5	2	1	1	1	80	5120	50	0	80	50	40	50	25	8	0
8	0.5	1	1	1	0.5	0.5	1	1	1	0.5	2	1	1	0.5	2	1	1	1	105	5120	75	0	105	50	65	100	50	8	0
3	1	1	1	2	1	1	0.5	1	1	2	1	0.5	1	1	1	1	0.5	0.5	65	5120	100	0.3	30	50	45	25	40	0	4
3	1	1	1	2	1	2	1	1	1	2	1	0.25	1	1	1	2	1	0.5	95	5120	180	1.5	50	50	85	45	70	6	132.5
14	0.25	2	1	1	0.5	0	1	1	2	0.5	2	1	0	0.25	2	1	1	1	35	5120	30	1.3	30	50	100	35	80	8	0.1
14	0.25	2	1	1	0.5	0	1	1	2	0.5	2	1	0	0.25	2	1	1	1	50	5120	45	1.6	45	50	115	55	95	8	0.1
14	0.25	2	1	1	0.5	0	1	1	2	0.5	2	1	0	0.25	2	1	1	1	65	5120	80	1.5	60	50	170	95	130	8	40.5
13	1	1	1	0	1	2	0.5	0.5	1	4	2	2	0.5	0.25	1	0.5	2	4	45	6400	160	8.8	35	50	30	45	70	9	210
11	2	2	1	1	1	0.5	1	1	2	1	1	1	1	1	0.5	1	1	1	48	5120	45	1	60	50	43	90	42	0	32.4
11	2	2	1	1	1	0.5	1	1	2	1	1	1	1	1	0.5	1	1	1	73	5120	70	1.6	85	50	73	115	67	0	75.6
3	1	1	1	2	1	1	0.5	1	1	2	1	0.5	1	1	1	1	0.5	0.5	105	5120	90	0.4	30	50	25	25	50	0	6.5
3	1	1	1	2	1	1	0.5	1	1	2	1	0.5	1	1	1	1	0.5	0.5	130	5120	115	1.3	55	50	50	50	75	0	60
5	1	1	1	0.5	1	1	1	0.5	1	1	2	1	1	1	1	1	0.5	1	30	5120	50	0.5	40	0	55	55	100	0	10.4
5	1	1	1	0.5	1	1	1	0.5	1	1	2	1	1	1	1	1	0.5	1	50	5120	70	1.2	60	0	80	80	150	0	66.6
4	4	2	1	0.5	1	0.5	2	2	2	0.5	0.5	2	1	2	0.5	1	1	0.5	40	5120	80	0.4	60	50	60	45	40	11	2.5
4	4	2	1	0.5	1	0.5	2	2	2	0.5	0.5	2	1	2	0.5	1	1	0.5	105	5120	85	0	95	50	125	75	45	11	0
9	1	1	1	0	1	1	1	1	1	2	1	2	1	0.5	1	0.5	1	2	50	5120	95	0.4	50	50	40	50	35	0	6.5
9	1	1	1	0	1	1	1	1	1	2	1	2	1	0.5	1	0.5	1	2	80	5120	110	0	60	50	50	80	45	2	0
7	0.5	0.5	1	1	2	1	1	2	1	1	1	1	1	1	2	0.5	1	1	120	6400	53	1.5	50	100	35	110	87	0	49.8
7	0.5	0.5	1	1	2	1	1	2	1	1	1	1	1	1	2	0.5	1	1	105	6400	79	1.4	50	100	35	110	76	0	50.2
1	1	1	1	1	1	2	1	1	0	1	1	1	1	1	1	1	1	1	55	5120	75	1.2	90	50	60	75	30	0	65.5
8	0.5	1	1	1	0.5	0.5	1	1	1	0.5	2	1	1	0.5	2	1	1	1	65	5120	95	0.6	40	50	60	45	35	0	1
8	0.5	1	1	1	0.5	0.5	1	1	1	0.5	2	1	1	0.5	2	1	1	1	90	5120	120	1.2	65	50	85	70	60	0	9.5
9	1	1	1	0	1	2	0.5	0.5	1	4	2	2	0.5	0.25	1	0.5	2	4	85	5120	95	1	80	50	30	30	25	13	115
9	1	1	1	0	1	2	0.5	0.5	1	4	2	2	0.5	0.25	1	0.5	2	4	130	5120	120	1.9	105	50	45	45	40	13	120
1	1	1	1	1	1	2	1	1	0	1	1	1	1	1	1	1	1	1	5	10240	5	1.1	250	0	35	105	50	0	34.6
4	2	1	1	0.5	1	1	2	2	1	0.5	0.5	2	1	2	1	1	1	0.5	55	5120	115	1	65	50	100	40	60	0	35
1	1	1	1	1	1	2	1	1	0	1	1	1	1	1	1	1	1	1	125	5120	100	2.2	105	0	60	100	100	0	80
3	1	1	1	2	1	1	0.5	1	1	2	1	0.5	1	1	1	1	0.5	0.5	40	5120	70	0.4	30	50	70	25	60	0	8
3	1	1	1	2	1	1	0.5	1	1	2	1	0.5	1	1	1	1	0.5	0.5	65	5120	95	1.2	55	50	95	45	85	0	25
3	1	1	1	2	1	1	0.5	1	1	2	1	0.5	1	1	1	1	0.5	0.5	67	5120	60	0.6	45	50	35	50	63	0	15
3	1	1	1	2	1	1	0.5	1	1	2	1	0.5	1	1	1	1	0.5	0.5	92	5120	65	1.3	80	50	65	80	68	0	39
3	1	1	1	2	1	1	0.5	1	1	2	1	0.5	1	1	1	1	0.5	0.5	45	5120	55	0.8	30	0	70	55	85	0	34.5
3	2	2	1	2	1	0.5	0.5	1	2	2	1	0.5	1	1	0.5	1	0.5	0.5	75	5120	85	1.1	60	0	100	85	115	11	80
11	1	1	0	1	1	0.25	1	1	2	1	1	1	1	2	0.5	1	2	1	45	6400	65	1.3	40	50	100	120	90	18	54.5
12	0.5	1	1	2	1	0.25	2	2	1	0.25	0	2	1	1	1	4	1	1	110	6400	80	1.5	70	50	55	80	105	10	56
6	2	2	1	1	1	1	2	1	2	1	1	0.5	1	1	0.5	2	2	1	50	6400	35	1.4	65	0	115	95	95	11	40.6
5	1	1	1	0.5	1	1	1	0.5	1	1	2	1	1	1	1	1	0.5	1	83	6400	57	1.1	65	75.4	95	85	105	0	30
2	0.5	1	1	1	0.5	1	0.5	1	1	0.5	2	0.5	1	1	1	2	0.5	2	95	6400	57	1.3	65	75.4	100	85	93	0	44.5
12	1	1	1	1	1	0.5	2	2	1	0.5	0.5	1	1	1	1	2	1	1	155	6400	120	1.5	65	50	65	90	105	0	55
1	1	1	1	1	1	2	1	1	0	1	1	1	1	1	1	1	1	1	100	5120	95	1.4	75	100	40	70	110	0	88.4
3	1	1	1	2	1	1	0.5	1	1	2	1	0.5	1	1	1	1	0.5	0.5	10	1280	55	0.9	20	50	15	20	80	0	10
3	0.5	1	1	4	1	0.5	0.5	1	1	1	0	1	1	1	1	2	0.5	0.5	155	1280	109	6.5	95	50	70	130	81	10	235
3	1	1	1	2	1	2	1	1	1	2	1	0.25	1	1	1	2	1	0.5	85	10240	80	2.5	130	50	85	95	60	6	220
1	1	1	1	1	1	2	1	1	0	1	1	1	1	1	1	1	1	1	48	5120	48	0.3	48	0	48	48	48	0	4
1	1	1	1	1	1	2	1	1	0	1	1	1	1	1	1	1	1	1	55	8960	50	0.3	55	88.1	45	65	55	0	6.5
3	1	1	1	2	1	1	0.5	1	1	2	1	0.5	1	1	1	1	0.5	0.5	65	8960	60	1	130	88.1	110	95	65	0	29
5	1	1	1	0.5	1	1	1	0.5	1	1	2	1	1	1	1	1	0.5	1	65	8960	60	0.8	65	88.1	110	95	130	0	24.5
2	0.5	1	1	1	0.5	1	0.5	1	1	0.5	2	0.5	1	1	1	2	0.5	2	130	8960	60	0.9	65	88.1	95	110	65	0	25
1	1	1	1	1	1	2	1	1	0	1	1	1	1	1	1	1	1	1	60	5120	70	0.8	65	0	85	75	40	0	36.5
13	1	1	1	2	1	2	0.25	0.5	1	4	2	0.5	0.5	0.5	1	1	1	1	40	7680	100	0.4	35	88.1	90	55	35	3	7.5
13	1	1	1	2	1	2	0.25	0.5	1	4	2	0.5	0.5	0.5	1	1	1	1	60	7680	125	1	70	88.1	115	70	55	3	35
13	1	1	1	2	1	2	0.25	0.5	1	4	2	0.5	0.5	0.5	1	1	1	1	80	7680	90	0.5	30	88.1	55	45	55	3	11.5
13	1	1	1	2	1	2	0.25	0.5	1	4	2	0.5	0.5	0.5	1	1	1	1	115	7680	105	1.3	60	88.1	65	70	80	3	40.5
13	0.5	1	1	2	1	1	0.5	0.5	1	1	0	2	0.5	0.5	1	2	2	2	135	8960	85	1.8	80	88.1	70	95	150	10	59
1	1	1	1	1	1	2	1	1	0	1	1	1	1	1	1	1	1	1	110	10240	65	2.1	160	88.1	65	110	30	0	460
6	0.5	1	1	2	1	1	2	1	1	0.5	0	1	1	1	1	4	2	1	85	20480	100	1.7	90	0	95	125	85	10	55.4
5	0.5	1	1	1	1	0.5	1	0.5	1	0.5	0	2	1	1	1	2	0.5	1	90	20480	85	1.6	90	0	125	90	100	10	52.6
2	0.25	1	1	2	0.5	0.5	0.5	1	1	0.25	0	1	1	1	1	4	0.5	2	100	20480	90	2	90	0	125	85	90	10	60
16	1	1	2	0.5	2	1	0.5	1	1	0.5	1	2	1	1	1	1	1	0.5	64	10240	45	1.8	41	50	50	50	50	0	3.3
16	1	1	2	0.5	2	1	0.5	1	1	0.5	1	2	1	1	1	1	1	0.5	84	10240	65	4	61	50	70	70	70	0	16.5
16	0.5	1	2	1	2	0.5	0.5	1	1	0.25	0	4	1	1	1	2	1	0.5	134	10240	95	2.2	91	50	100	100	80	10	210
11	2	2	1	1	1	0.5	1	1	2	1	1	1	1	1	0.5	1	1	1	150	30720	70	2	106	0	194	120	140	0	122
11	2	2	1	1	1	0.5	1	1	2	1	1	1	1	1	0.5	1	1	1	100	30720	100	0.4	100	0	100	100	100	0	4
4	2	1	1	0.5	1	1	2	2	1	0.5	0.5	2	1	2	1	1	1	0.5	49	5120	65	0.9	45	88.1	49	65	45	0	6.4
4	2	1	1	0.5	1	1	2	2	1	0.5	0.5	2	1	2	1	1	1	0.5	62	5120	80	1.2	60	88.1	63	80	60	0	15.8
4	2	1	1	0.5	1	1	2	2	1	0.5	0.5	2	1	2	1	1	1	0.5	82	5120	100	1.8	80	88.1	83	100	80	0	100.5
2	0.5	1	1	1	0.5	1	0.5	1	1	0.5	2	0.5	1	1	1	2	0.5	2	52	5120	43	0.5	39	88.1	60	50	65	0	7.9
2	0.5	1	1	1	0.5	1	0.5	1	1	0.5	2	0.5	1	1	1	2	0.5	2	64	5120	58	0.9	58	88.1	80	65	80	0	19
2	0.5	1	1	1	0.5	1	0.5	1	1	0.5	2	0.5	1	1	1	2	0.5	2	84	5120	78	1.7	78	88.1	109	85	100	0	79.5
3	1	1	1	2	1	1	0.5	1	1	2	1	0.5	1	1	1	1	0.5	0.5	65	5120	64	0.6	50	88.1	44	48	43	0	9.5
3	1	1	1	2	1	1	0.5	1	1	2	1	0.5	1	1	1	1	0.5	0.5	80	5120	80	1.1	65	88.1	59	63	58	0	25
3	1	1	1	2	1	1	0.5	1	1	2	1	0.5	1	1	1	1	0.5	0.5	105	5120	100	2.3	85	88.1	79	83	78	0	88.8
1	1	1	1	1	1	2	1	1	0	1	1	1	1	1	1	1	1	1	46	3840	34	0.8	35	50	35	45	20	0	6
1	1	1	1	1	1	2	1	1	0	1	1	1	1	1	1	1	1	1	76	3840	64	1.8	85	50	45	55	90	0	32.5
1	0.5	1	1	2	1	1	1	1	0	0.5	0	2	1	1	1	2	1	1	30	3840	30	0.7	60	50	36	56	50	10	21.2
1	0.5	1	1	2	1	1	1	1	0	0.5	0	2	1	1	1	2	1	1	50	3840	50	1.6	100	50	86	96	70	10	40.8
12	0.5	1	1	2	1	0.25	2	2	1	0.25	0	2	1	1	1	4	1	1	20	3840	30	1	40	50	40	80	55	10	10.8
12	0.5	1	1	2	1	0.25	2	2	1	0.25	0	2	1	1	1	4	1	1	35	3840	50	1.4	55	50	55	110	85	10	35.6
12	0.5	1	1	1	0.5	0.25	2	2	1	0.25	1	1	1	0.5	2	2	1	1	60	3840	40	0.5	40	50	40	40	30	8	8.5
12	0.5	1	1	1	0.5	0.25	2	2	1	0.25	1	1	1	0.5	2	2	1	1	90	3840	70	1.1	70	50	60	70	40	8	33.5
8	0.25	1	1	2	0.5	0.25	1	1	1	0.25	0	2	1	0.5	2	2	1	1	90	3840	80	1.8	85	50	70	80	130	10	75
3	1	1	1	1	1	1	0.5	0.5	1	2	2	0.5	1	1	1	1	0.25	0.5	38	5120	38	0.5	75	50	56	56	67	5	12
3	1	1	1	1	1	1	0.5	0.5	1	2	2	0.5	1	1	1	1	0.25	0.5	58	5120	58	1.2	125	50	76	76	67	5	22.5
5	1	1	1	0.5	1	1	1	0.5	1	1	2	1	1	1	1	1	0.5	1	40	2560	15	0.3	20	50	35	35	60	0	2
18	0.5	0.5	0	1	1	0.5	1	1	1	1	1	1	1	2	1	1	2	1	25	2560	28	0.3	50	24.6	45	55	15	0	3
1	0.5	0.5	0	1	1	1	1	1	0	1	1	1	1	2	1	1	2	1	30	2560	15	0.3	90	24.6	40	20	15	18	1
18	0.5	0.5	0	1	1	0.5	1	1	1	1	1	1	1	2	1	1	2	1	20	2560	65	0.3	35	88.1	40	65	20	0	1.5
18	0.25	0.5	0	2	1	0.25	1	1	1	0.5	0	2	1	2	1	2	2	1	40	2560	85	0.6	55	88.1	80	105	40	10	3.2
11	1	2	1	2	1	0.25	1	1	2	0.5	0	2	1	1	0.5	2	1	1	50	5120	45	0.2	40	50	70	45	70	10	2
11	1	2	1	2	1	0.25	1	1	2	0.5	0	2	1	1	0.5	2	1	1	75	5120	70	1.5	65	50	95	70	95	10	15
5	1	1	1	0.5	1	1	1	0.5	1	1	2	1	1	1	1	1	0.5	1	40	5120	40	0.6	55	50	65	45	35	0	7.8
5	1	1	1	0.5	1	1	1	0.5	1	1	2	1	1	1	1	1	0.5	1	55	5120	55	0.8	70	50	80	60	45	0	13.3
5	1	1	1	0.5	1	1	1	0.5	1	1	2	1	1	1	1	1	0.5	1	95	5120	105	1.4	90	50	165	110	45	0	61.5
4	2	1	1	0.5	1	1	2	2	1	0.5	0.5	2	1	2	1	1	1	0.5	80	5120	95	0.4	75	50	90	100	50	0	5.8
3	0.5	0.5	0	2	1	0.5	0.5	1	1	2	1	0.5	1	2	1	1	1	0.5	20	2560	50	0.4	70	50	20	50	40	18	8.5
3	0.5	0.5	0	2	1	0.5	0.5	1	1	2	1	0.5	1	2	1	1	1	0.5	50	2560	80	0.8	100	50	60	80	50	18	28.5
13	1	1	1	1	1	2	0.5	0.5	1	2	2	1	0.5	0.5	1	1	2	2	100	5120	115	1.2	70	50	30	65	30	0	38
3	1	1	1	2	1	1	0.5	1	1	2	1	0.5	1	1	1	1	0.5	0.5	75	5120	75	1.1	90	50	90	100	70	0	33.9
4	1	1	1	1	1	0.5	2	2	1	0.25	0	4	1	2	1	2	1	0.5	35	5120	40	0.4	35	50	35	55	50	10	0.5
4	1	1	1	1	1	0.5	2	2	1	0.25	0	4	1	2	1	2	1	0.5	45	5120	50	0.6	55	50	45	65	80	10	1
4	1	1	1	1	1	0.5	2	2	1	0.25	0	4	1	2	1	2	1	0.5	55	5120	70	0.8	75	50	55	95	110	10	3
1	1	1	1	1	1	2	1	1	0	1	1	1	1	1	1	1	1	1	70	5120	55	0.8	55	50	40	55	85	0	11.5
4	2	1	1	0.5	1	1	2	2	1	0.5	0.5	2	1	2	1	1	1	0.5	30	5120	30	0.3	30	50	30	30	30	0	1.8
4	2	1	1	0.5	1	1	2	2	1	0.5	0.5	2	1	2	1	1	1	0.5	75	5120	55	0.8	75	50	105	85	30	0	8.5
12	0.5	1	1	2	1	0.25	2	2	1	0.25	0	2	1	1	1	4	1	1	65	5120	45	1.2	65	50	75	45	95	10	38
3	1	1	1	0	1	1	0.5	1	1	4	1	1	1	0.5	1	0.5	0.5	1	45	5120	45	0.4	55	50	25	25	15	9	8.5
3	1	1	1	0	1	1	0.5	1	1	4	1	1	1	0.5	1	0.5	0.5	1	85	5120	85	1.4	95	50	65	65	35	9	75
11	2	2	1	1	1	0.5	1	1	2	1	1	1	1	1	0.5	1	1	1	65	8960	60	0.9	65	88.1	130	95	110	0	26.5
15	2	0.5	1	1	2	2	1	1	0.5	1	1	1	1	1	0	1	1	1	65	8960	110	1	95	88.1	60	130	65	0	27
15	1	0.5	1	2	2	1	1	1	0.5	0.5	0	2	1	1	0	2	1	1	85	5120	42	0.5	60	50	85	42	91	10	2.1
3	2	2	1	2	1	0.5	0.5	1	2	2	1	0.5	1	1	0.5	1	0.5	0.5	75	5120	80	2	95	50	100	110	30	11	79.5
14	0.5	2	1	1	1	0	1	1	2	1	1	1	0	0.5	1	1	1	1	60	6400	60	0.7	60	50	85	85	85	0	1
11	2	2	1	1	1	0.5	1	1	2	1	1	1	1	1	0.5	1	1	1	72	10240	48	0.5	48	0	72	48	48	0	5
11	2	2	1	1	1	0.5	1	1	2	1	1	1	1	1	0.5	1	1	1	33	5120	58	1.3	190	50	33	58	33	0	28.5
1	2	2	1	1	1	1	1	1	0	1	1	1	1	1	0.5	1	1	1	80	5120	65	1.5	70	50	90	65	85	11	41.5
12	1	1	1	1	1	0.5	2	2	1	0.5	0.5	1	1	1	1	2	1	1	65	5120	90	0.6	50	50	35	35	15	0	7.2
12	0.5	1	0.5	1	0.5	1	4	1	1	0.25	1	0.5	0.5	0	0.5	1	0.5	1	90	5120	140	1.2	75	50	60	60	40	17	125.8
1	1	1	1	1	1	2	1	1	0	1	1	1	1	1	1	1	1	1	70	5120	70	1.5	100	50	65	65	45	0	14
9	0.5	1	1	0	1	0.5	1	1	1	1	0	4	1	0.5	1	1	1	2	75	5120	105	1.1	65	50	35	65	85	10	64.8
17	0.5	1	0.5	0	0.5	2	2	0.5	1	1	2	1	0.5	0	0.5	0.25	0.5	2	125	6400	230	9.2	75	50	55	95	30	9	400
18	0.5	0.5	0	1	1	0.5	1	1	1	1	1	1	1	2	1	1	2	1	80	5120	50	0.6	60	24.6	40	40	30	0	7.8
18	0.5	0.5	0	1	1	0.5	1	1	1	1	1	1	1	2	1	1	2	1	120	5120	75	1.4	90	24.6	60	60	45	0	48.7
3	0.5	1	1	2	0.5	0.5	0.5	1	1	1	2	0.5	1	0.5	2	1	0.5	0.5	95	5120	85	0.5	65	50	55	55	85	8	3.9
12	0.5	1	0.5	1	0.5	1	4	1	1	0.25	1	0.5	0.5	0	0.5	1	0.5	1	150	6400	140	1.8	70	50	65	100	75	17	118
12	1	1	1	1	1	1	1	1	1	1	1	1	0.5	0.5	1	2	2	2	10	5120	230	0.6	20	50	10	230	5	13	20.5
12	0.5	0.5	1	1	2	0.5	2	4	1	0.5	0.5	1	1	1	2	1	1	1	185	6400	115	1.5	80	50	40	105	75	7	54
15	2	0.5	1	1	2	4	2	1	0.5	1	1	0.5	1	1	0	2	2	1	95	5120	55	0.9	55	50	35	75	115	6	28
1	1	1	1	1	1	2	1	1	0	1	1	1	1	1	1	1	1	1	80	5120	50	0.6	60	50	50	50	40	0	8.8
1	1	1	1	1	1	2	1	1	0	1	1	1	1	1	1	1	1	1	130	5120	75	1.8	90	50	75	75	55	0	125.8
2	0.5	1	1	1	0.5	1	0.5	1	1	0.5	2	0.5	1	1	1	2	0.5	2	40	5120	40	0.7	40	50	70	40	20	0	35
2	0.5	1	1	1	0.5	2	0.25	0.5	1	1	4	0.5	0.5	0.5	1	2	1	4	50	5120	120	0.8	60	50	90	80	30	13	55
6	1	1	1	0	1	2	2	1	1	2	1	1	1	0.5	1	1	2	2	50	5120	40	0.4	50	50	30	30	50	9	6.5
6	1	1	1	0	1	2	2	1	1	2	1	1	1	0.5	1	1	2	2	100	5120	80	1.1	100	50	60	60	50	9	55.8
3	1	1	1	2	1	2	0.25	0.5	1	4	2	0.5	0.5	0.5	1	1	1	1	55	5120	95	0.6	65	24.6	65	95	35	13	5
3	1	1	1	2	1	1	0.5	1	1	2	1	0.5	1	1	1	1	0.5	0.5	65	5120	35	0.6	35	50	65	35	65	0	12
3	1	1	1	2	1	1	0.5	1	1	2	1	0.5	1	1	1	1	0.5	0.5	105	5120	75	0.9	75	50	105	75	45	0	28.5
6	0.5	1	1	2	1	1	2	1	1	0.5	0	1	1	1	1	4	2	1	55	5120	45	0.9	45	50	65	45	75	10	16
3	0.5	1	1	4	1	0.5	0.5	1	1	1	0	1	1	1	1	2	0.5	0.5	40	6400	70	2.1	85	50	80	140	70	10	220
17	0.25	1	0.5	2	0.5	1	2	0.5	1	0.25	0	1	0.5	0	0.5	1	0.5	1	80	6400	140	1.7	65	50	40	70	70	10	50.5
15	1	0.5	1	1	1	2	0.5	1	0.5	0.5	2	0.5	1	1	0	2	0.5	2	60	5120	30	0.6	45	50	80	50	65	2	10.8
15	1	0.5	1	1	1	2	0.5	1	0.5	0.5	2	0.5	1	1	0	2	0.5	2	90	5120	90	1.4	75	50	140	90	115	2	35
3	1	1	2	1	2	1	0.25	1	1	1	1	1	1	1	1	1	0.5	0.25	95	5120	95	1.8	75	50	95	95	85	16	152
9	1	1	1	0	1	1	1	1	1	2	1	2	1	0.5	1	0.5	1	2	60	5120	60	0.5	90	50	40	40	40	0	33.5
9	1	1	1	0	1	1	1	1	1	2	1	2	1	0.5	1	0.5	1	2	120	5120	120	1.1	90	50	60	60	50	0	120
1	1	1	1	1	1	2	1	1	0	1	1	1	1	1	1	1	1	1	80	5120	90	0.6	85	0	105	95	60	0	32.5
1	1	1	1	1	1	2	1	1	0	1	1	1	1	1	1	1	1	1	95	5120	62	1.4	73	50	85	65	85	0	71.2
1	1	1	1	1	1	2	1	1	0	1	1	1	1	1	1	1	1	1	20	5120	35	1.2	55	50	20	45	75	0	58
7	0.5	0.5	1	1	2	1	1	2	1	1	1	1	1	1	2	0.5	1	1	35	6400	35	0.7	35	100	35	35	35	0	21
7	0.5	0.5	1	1	2	1	1	2	1	1	1	1	1	1	2	0.5	1	1	95	6400	95	1.4	50	100	35	110	70	0	48
6	2	2	1	1	1	1	2	1	2	1	1	0.5	1	1	0.5	2	2	1	30	6400	15	0.4	45	0	85	65	65	11	6
5	1	1	1	0.5	1	1	1	0.5	1	1	2	1	1	1	1	1	0.5	1	63	6400	37	0.6	45	75.4	65	55	95	0	23.5
2	0.5	1	1	1	0.5	1	0.5	1	1	0.5	2	0.5	1	1	1	2	0.5	2	75	6400	37	0.7	45	75.4	70	55	83	0	21.4
1	1	1	1	1	1	2	1	1	0	1	1	1	1	1	1	1	1	1	80	5120	105	1.2	95	0	40	70	100	0	75.5
1	1	1	1	1	1	2	1	1	0	1	1	1	1	1	1	1	1	1	10	10240	10	1.5	255	0	75	135	55	0	46.8
5	1	1	1	0.5	1	1	1	0.5	1	1	2	1	1	1	1	1	0.5	1	85	20480	75	1.9	90	0	115	100	115	0	178
2	0.5	1	1	1	0.5	1	0.5	1	1	0.5	2	0.5	1	1	1	2	0.5	2	115	20480	85	2.1	115	0	90	75	100	0	198
3	1	1	1	2	1	1	0.5	1	1	2	1	0.5	1	1	1	1	0.5	0.5	75	20480	115	2	100	0	90	115	85	0	187
13	1	1	1	0	1	2	0.5	0.5	1	4	2	2	0.5	0.25	1	0.5	2	4	64	10240	50	0.6	50	50	45	50	41	9	72
13	1	1	1	0	1	2	0.5	0.5	1	4	2	2	0.5	0.25	1	0.5	2	4	84	10240	70	1.2	70	50	65	70	51	9	152
13	2	0.5	1	1	2	4	0.5	0.5	0.5	2	2	1	0.5	0.5	0	1	2	2	164	10240	150	2	100	50	95	120	71	15	202
11	1	2	1	2	1	0.25	1	1	2	0.5	0	2	1	1	0.5	2	1	1	90	30720	130	5.2	106	0	90	154	110	10	216
2	0.25	1	1	2	0.5	0.5	0.5	1	1	0.25	0	1	1	1	1	4	0.5	2	130	30720	90	3.8	106	0	110	154	90	10	199
11	4	2	1	0.5	1	0.5	2	2	2	0.5	0.5	2	1	2	0.5	1	1	0.5	100	30720	100	0.6	100	0	100	100	100	4	5
4	2	1	1	0.5	1	1	2	2	1	0.5	0.5	2	1	2	1	1	1	0.5	45	5120	35	0.5	40	88.1	65	55	70	0	5
4	2	1	1	0.5	1	1	2	2	1	0.5	0.5	2	1	2	1	1	1	0.5	65	5120	45	0.9	50	88.1	85	65	95	0	21.6
4	2	1	1	0.5	1	1	2	2	1	0.5	0.5	2	1	2	1	1	1	0.5	110	5120	75	1.7	70	88.1	145	85	145	0	52.2
2	0.5	1	1	1	0.5	1	0.5	1	1	0.5	2	0.5	1	1	1	2	0.5	2	60	5120	40	0.4	45	88.1	70	50	45	0	2.5
2	0.25	0.5	1	1	1	1	0.5	2	1	0.5	2	0.5	1	1	2	1	0.5	2	85	5120	60	0.9	60	88.1	85	60	55	7	19.5
2	0.25	0.5	1	1	1	1	0.5	2	1	0.5	2	0.5	1	1	2	1	0.5	2	160	5120	80	1.9	80	88.1	130	80	100	7	52
3	1	1	1	2	1	1	0.5	1	1	2	1	0.5	1	1	1	1	0.5	0.5	70	5120	50	0.4	50	88.1	50	50	40	0	7.6
3	1	1	1	0	1	1	0.5	1	1	4	1	1	1	0.5	1	0.5	0.5	1	85	5120	70	0.7	70	88.1	60	70	50	9	28
3	1	1	1	0	1	1	0.5	1	1	4	1	1	1	0.5	1	0.5	0.5	1	150	5120	110	1.5	100	88.1	95	110	70	9	81.9
15	2	0.5	1	1	2	2	1	1	0.5	1	1	1	1	1	0	1	1	1	55	3840	35	0.5	35	50	30	30	35	0	13.6
15	2	0.5	1	1	2	2	1	1	0.5	1	1	1	1	1	0	1	1	1	90	3840	70	1	70	50	60	60	70	0	37
1	1	1	1	1	1	2	1	1	0	1	1	1	1	1	1	1	1	1	30	3840	41	0.4	38	50	30	41	60	0	17.5
1	1	1	1	1	1	2	1	1	0	1	1	1	1	1	1	1	1	1	70	3840	61	0.5	78	50	50	61	100	0	32.5
12	1	1	1	1	1	0.5	2	2	1	0.5	0.5	1	1	1	1	2	1	1	45	3840	35	0.3	45	50	20	30	20	0	3.6
12	1	1	1	1	1	0.5	2	2	1	0.5	0.5	1	1	1	1	2	1	1	35	3840	55	0.6	50	50	25	25	15	0	10
12	0.5	1	1	2	1	0.25	2	2	1	0.25	0	2	1	1	1	4	1	1	70	3840	50	1	60	50	100	50	65	10	28.4
12	1	1	1	1	1	0.5	2	2	1	0.5	0.5	1	1	1	1	2	1	1	35	3840	55	0.7	50	50	25	25	15	0	11.5
12	0.5	1	1	1	0.5	0.25	2	2	1	0.25	1	1	1	0.5	2	2	1	1	50	3840	70	1.2	60	50	50	90	65	8	31.6
3	2	1	1	1	1	1	1	2	1	1	0.5	1	1	2	1	1	0.5	0.25	30	3840	30	0.5	40	50	40	50	30	4	2.6
3	2	1	1	1	1	1	1	2	1	1	0.5	1	1	2	1	1	0.5	0.25	50	3840	50	1.2	60	50	60	70	50	4	32.5
3	2	1	1	1	1	1	1	2	1	1	0.5	1	1	2	1	1	0.5	0.25	70	3840	70	1.5	80	50	90	100	70	4	55
4	2	1	1	0.5	1	1	2	2	1	0.5	0.5	2	1	2	1	1	1	0.5	40	3840	50	0.5	40	50	30	30	30	0	4
4	4	0.5	1	0.5	2	2	2	2	0.5	0.5	0.5	2	1	2	0	1	1	0.5	70	3840	40	1	70	50	60	40	60	15	28
4	4	0.5	1	0.5	2	2	2	2	0.5	0.5	0.5	2	1	2	0	1	1	0.5	100	3840	60	1.3	90	50	90	60	80	15	59.6
1	0.5	1	1	2	1	1	1	1	0	0.5	0	2	1	1	1	2	1	1	55	3840	30	0.3	40	50	30	30	85	10	2.3
1	0.5	1	1	2	1	1	1	1	0	0.5	0	2	1	1	1	2	1	1	85	3840	60	0.7	60	50	75	50	125	10	19.8
3	0.5	1	1	4	1	0.5	0.5	1	1	1	0	1	1	1	1	2	0.5	0.5	30	5120	30	0.6	40	50	55	30	85	10	9.5
3	0.5	1	1	4	1	0.5	0.5	1	1	1	0	1	1	1	1	2	0.5	0.5	50	5120	100	1.2	60	50	95	70	65	10	28
11	1	1	0	1	1	0.25	1	1	2	1	1	1	1	2	0.5	1	2	1	25	5120	25	0.4	28	50	45	35	40	18	6.6
11	1	1	0	1	1	0.25	1	1	2	1	1	1	1	2	0.5	1	2	1	35	5120	35	0.8	38	50	65	55	50	18	20.2
11	1	1	0	1	1	0.25	1	1	2	1	1	1	1	2	0.5	1	2	1	85	5120	65	1.6	68	50	165	135	100	18	48.4
12	1	1	1	2	1	0.5	1	2	1	1	0.5	0.5	1	1	1	2	0.5	0.5	30	3840	32	0.5	40	50	50	52	65	3	1.7
12	0.5	1	1	2	1	0.25	2	2	1	0.25	0	2	1	1	1	4	1	1	60	3840	62	0.8	70	50	100	82	80	10	3.6
4	2	1	1	0.5	1	1	2	2	1	0.5	0.5	2	1	2	1	1	1	0.5	40	3840	60	0.4	60	50	40	60	35	0	4.5
4	1	0.5	1	0.5	2	1	2	4	1	0.5	0.5	2	1	2	2	0.5	1	0.5	130	3840	80	1.2	60	50	60	60	70	7	39.2
1	1	1	1	1	1	2	1	1	0	1	1	1	1	1	1	1	1	1	60	3840	60	0.8	60	50	35	35	30	0	24
1	1	1	1	1	1	2	1	1	0	1	1	1	1	1	1	1	1	1	80	3840	80	1.4	80	50	55	55	90	0	46.5
1	1	1	1	1	1	2	1	1	0	1	1	1	1	1	1	1	1	1	160	3840	100	2	150	50	95	65	100	0	130.5
12	1	1	1	0	1	0.5	2	2	1	1	0.5	2	1	0.5	1	1	1	2	45	3840	90	0.5	31	50	30	30	40	9	5.5
12	0.5	1	1	2	1	0.25	2	2	1	0.25	0	2	1	1	1	4	1	1	90	3840	45	0.8	61	50	50	50	160	10	12
12	0.5	2	1	1	1	0	2	2	2	0.5	0.5	1	0	0.5	1	2	1	1	90	3840	45	0.8	1	0	30	30	40	14	1.2
1	1	1	1	1	1	2	1	1	0	1	1	1	1	1	1	1	1	1	51	5120	23	0.6	64	50	51	23	28	0	16.3
1	1	1	1	1	1	2	1	1	0	1	1	1	1	1	1	1	1	1	71	5120	43	1	84	50	71	43	48	0	40.5
1	1	1	1	1	1	2	1	1	0	1	1	1	1	1	1	1	1	1	91	5120	63	1.5	104	50	91	73	68	0	84
7	0.5	0.5	1	1	2	1	1	2	1	1	1	1	1	1	2	0.5	1	1	60	5120	30	1	72	75.4	20	30	25	0	86.4
7	0.5	0.5	1	1	2	1	1	2	1	1	1	1	1	1	2	0.5	1	1	120	5120	60	2.3	144	75.4	40	60	50	0	253.8
1	0.5	0.5	0	1	1	1	1	1	0	1	1	1	1	2	1	1	2	1	20	2560	40	0.2	50	24.6	20	40	20	18	2
13	1	1	1	1	1	2	0.5	0.5	1	2	2	1	0.5	0.5	1	1	2	2	45	5120	135	1	30	50	45	90	30	0	97
1	1	1	1	1	1	2	1	1	0	1	1	1	1	1	1	1	1	1	45	3840	45	0.6	50	24.6	35	35	50	0	11
1	1	1	1	1	1	2	1	1	0	1	1	1	1	1	1	1	1	1	65	3840	65	1.1	70	24.6	55	55	90	0	32.6
15	1	1	1	1	2	0	1	1	1	1	1	1	0	0.5	0	1	1	1	85	6400	125	0.5	50	50	85	115	20	14	11
17	0.25	0.5	0	1	0.5	1	2	0.5	1	0.5	2	0.5	0.5	0	0.5	0.5	1	1	105	5120	125	0.6	50	50	55	95	50	18	11.5
17	0.5	1	0.5	1	0.5	4	1	0.25	1	1	4	0.5	0.25	0	0.5	0.5	1	2	70	8960	100	0.4	50	50	40	40	30	13	60
17	0.5	1	0.5	1	0.5	4	1	0.25	1	1	4	0.5	0.25	0	0.5	0.5	1	2	90	8960	140	0.9	60	50	50	50	40	13	120
17	0.5	1	0.5	1	0.5	4	1	0.25	1	1	4	0.5	0.25	0	0.5	0.5	1	2	140	8960	230	2.1	70	50	60	80	50	13	360
7	1	1	1	1	2	0.5	1	2	2	1	1	1	1	1	1	0.5	1	1	40	5120	55	0.6	30	50	40	55	60	11	11.2
7	1	1	1	1	2	0.5	1	2	2	1	1	1	1	1	1	0.5	1	1	100	5120	85	1.3	60	50	80	85	100	11	31.5
5	1	1	1	0.5	1	1	1	0.5	1	1	2	1	1	1	1	1	0.5	1	45	5120	40	0.6	40	50	65	40	65	0	15.2
5	1	1	1	0.5	1	1	1	0.5	1	1	2	1	1	1	1	1	0.5	1	75	5120	80	1.5	70	50	135	80	135	0	40.2
5	1	1	1	0.5	1	1	1	0.5	1	1	2	1	1	1	1	1	0.5	1	50	5120	40	0.4	60	50	85	75	95	0	4.2
5	1	1	1	0.5	1	1	1	0.5	1	1	2	1	1	1	1	1	0.5	1	40	5120	50	0.4	60	50	75	85	95	0	4.2
12	1	1	1	1	1	0.5	2	2	1	0.5	0.5	1	1	1	1	2	1	1	73	3840	75	0.7	65	100	47	85	85	0	17.7
12	1	1	1	1	1	0.5	2	2	1	0.5	0.5	1	1	1	1	2	1	1	47	3840	75	0.6	65	0	73	85	85	0	17.7
4	1	1	1	0.5	0.5	0.5	2	2	1	0.25	1	2	1	1	2	1	1	0.5	60	5120	45	0.3	50	50	100	80	65	8	2
8	0.5	1	1	1	0.5	0.5	1	1	1	0.5	2	1	1	0.5	2	1	1	1	43	5120	53	0.4	70	50	43	53	40	0	10.3
8	0.5	1	1	1	0.5	0.5	1	1	1	0.5	2	1	1	0.5	2	1	1	1	73	5120	83	1.7	100	50	73	83	55	0	80
3	2	0.5	1	2	2	2	0.5	1	0.5	2	1	0.5	1	1	0	1	0.5	0.5	90	5120	20	0.8	45	50	65	20	65	15	20.8
3	2	0.5	1	2	2	2	0.5	1	0.5	2	1	0.5	1	1	0	1	0.5	0.5	140	5120	70	1.8	70	50	110	65	105	15	88.8
3	1	1	1	2	1	1	0.5	1	1	2	1	0.5	1	1	1	1	0.5	0.5	70	10240	35	2	130	50	70	35	60	0	130
3	1	1	1	2	1	1	0.5	1	1	2	1	0.5	1	1	1	1	0.5	0.5	90	10240	45	14.5	170	50	90	45	60	0	398
2	0.5	1	1	0	0.5	1	0.5	1	1	1	2	1	1	0.5	1	1	0.5	4	60	5120	40	0.7	60	50	65	45	35	9	24
2	0.5	1	1	0	0.5	1	0.5	1	1	1	2	1	1	0.5	1	1	0.5	4	120	5120	100	1.9	70	50	145	105	20	9	220
2	0.5	1	1	1	0.5	1	0.5	1	1	0.5	2	0.5	1	1	1	2	0.5	2	85	5120	140	0.5	70	50	85	70	20	0	80.4
11	2	2	1	1	1	0.5	1	1	2	1	1	1	1	1	0.5	1	1	1	25	5120	35	0.7	60	50	70	80	60	0	30.6
11	2	2	1	1	1	0.5	1	1	2	1	1	1	1	1	0.5	1	1	1	45	5120	65	0.9	80	50	90	110	80	0	71.5
1	1	1	1	1	1	2	1	1	0	1	1	1	1	1	1	1	1	1	60	3840	60	1.1	60	50	60	60	60	0	5
9	1	1	1	0	1	1	1	1	1	2	1	2	1	0.5	1	0.5	1	2	100	5120	45	0.7	45	50	45	45	10	0	15
9	1	1	2	0	2	1	0.5	1	1	1	1	4	1	0.5	1	0.5	1	1	70	5120	50	1.1	50	50	50	50	70	16	15.3
9	1	1	2	0	2	1	0.5	1	1	1	1	4	1	0.5	1	0.5	1	1	100	5120	80	2	80	50	80	80	100	16	82
4	2	1	1	0.5	1	1	2	2	1	0.5	0.5	2	1	2	1	1	1	0.5	85	5120	40	0.4	50	50	85	40	35	0	51.3
4	4	0.5	1	0.5	2	2	2	2	0.5	0.5	0.5	2	1	2	0	1	1	0.5	115	5120	60	1.3	70	50	115	60	55	15	77.4
1	0.5	1	1	2	1	1	1	1	0	0.5	0	2	1	1	1	2	1	1	40	5120	60	0.4	45	50	40	75	50	10	1.2
16	0.5	1	2	1	2	0.5	0.5	1	1	0.25	0	4	1	1	1	2	1	0.5	110	5120	110	1.1	75	50	110	105	80	10	20.6
1	1	1	1	1	1	2	1	1	0	1	1	1	1	1	1	1	1	1	115	5120	60	1.3	73	50	60	60	90	0	40.3
8	0.5	1	1	1	0.5	0.5	1	1	1	0.5	2	1	1	0.5	2	1	1	1	100	5120	60	2.7	73	50	100	60	65	0	52.5
13	2	2	1	1	1	1	0.5	0.5	2	2	2	1	0.5	0.5	0.5	1	2	2	55	6400	65	1	90	0	95	85	70	11	168
13	2	2	1	1	1	1	0.5	0.5	2	2	2	1	0.5	0.5	0.5	1	2	2	95	6400	85	1.2	90	0	55	65	70	11	154
3	1	1	1	0	1	1	0.5	1	1	4	1	1	1	0.5	1	0.5	0.5	1	48	5120	43	0.4	50	50	46	41	60	9	1.9
3	1	1	1	0	1	1	0.5	1	1	4	1	1	1	0.5	1	0.5	0.5	1	78	5120	73	0.9	110	50	76	71	60	9	23.6
3	1	1	1	2	1	1	0.5	1	1	2	1	0.5	1	1	1	1	0.5	0.5	80	3840	65	0.6	43	50	50	35	35	0	11.5
3	2	0.5	1	2	2	2	0.5	1	0.5	2	1	0.5	1	1	0	1	0.5	0.5	120	3840	85	1.1	63	50	90	55	55	15	32.8
9	2	2	1	0	1	0.5	1	1	2	2	1	2	1	0.5	0.5	0.5	1	2	40	5120	55	0.5	40	0	40	70	55	11	21.5
9	2	2	1	0	1	0.5	1	1	2	2	1	2	1	0.5	0.5	0.5	1	2	70	5120	105	1.5	60	0	70	120	75	11	108
13	2	1	1	0.5	1	2	1	1	1	1	1	2	0.5	1	1	1	2	1	41	7680	77	1	66	88.1	61	87	23	4	23.8
13	2	1	1	0.5	1	2	1	1	1	1	1	2	0.5	1	1	1	2	1	81	7680	97	1.5	86	88.1	81	107	43	4	60.4
13	1	1	1	1	1	1	1	1	1	1	1	1	0.5	0.5	1	2	2	2	95	7680	50	0.7	45	88.1	40	50	75	12	12.5
13	1	1	1	1	1	1	1	1	1	1	1	1	0.5	0.5	1	2	2	2	125	7680	100	1.5	75	88.1	70	80	45	12	68.2
3	1	1	1	2	1	1	0.5	1	1	2	1	0.5	1	1	1	1	0.5	0.5	15	5120	20	0.6	20	50	10	55	80	0	7.4
3	1	1	1	2	1	1	0.5	1	1	2	1	0.5	1	1	1	1	0.5	0.5	60	5120	79	6.2	95	50	100	125	81	0	162
1	1	1	1	1	1	2	1	1	0	1	1	1	1	1	1	1	1	1	70	6400	70	0.3	70	50	70	70	70	0	0.8
1	1	1	1	1	1	2	1	1	0	1	1	1	1	1	1	1	1	1	90	5120	70	1	60	50	60	120	40	0	22
14	0.5	2	1	1	1	0	1	1	2	1	1	1	0	0.5	1	1	1	1	75	6400	35	0.6	44	50	63	33	45	0	2.3
14	0.5	2	1	1	1	0	1	1	2	1	1	1	0	0.5	1	1	1	1	165	6400	75	1.1	64	50	93	83	75	0	12.5
14	0.5	2	1	1	1	0	1	1	2	1	1	1	0	0.5	1	1	1	1	40	6400	90	0.8	20	50	30	90	25	0	15
14	0.5	2	1	1	1	0	1	1	2	1	1	1	0	0.5	1	1	1	1	70	6400	130	1.6	40	50	60	130	25	0	30.6
4	1	1	1	1	1	0.5	2	2	1	0.25	0	4	1	2	1	2	1	0.5	68	6400	83	2	99	50	72	87	51	10	100
11	2	2	1	1	1	0.5	1	1	2	1	1	1	1	1	0.5	1	1	1	50	6400	80	0.6	75	50	95	90	65	0	1
15	2	0.5	1	1	2	2	1	1	0.5	1	1	1	1	1	0	1	1	1	150	6400	60	1.2	65	50	115	60	115	0	47
11	2	2	1	1	1	0.5	1	1	2	1	1	1	1	1	0.5	1	1	1	23	5120	48	0.6	95	50	23	48	23	0	14
6	1	1	1	1	1	2	2	1	1	1	1	0.5	1	1	1	2	2	1	50	5120	50	0.7	50	50	50	50	50	0	16.8
6	1	1	1	1	1	2	2	1	1	1	1	0.5	1	1	1	2	2	1	120	5120	80	1.5	80	50	120	80	100	0	256.5
6	1	1	1	2	1	2	1	1	1	2	1	0.25	1	1	1	2	1	0.5	40	5120	50	0.8	70	50	55	50	25	3	39.5
6	1	1	1	2	1	2	1	1	1	2	1	0.25	1	1	1	2	1	0.5	60	5120	70	1.1	90	50	75	70	45	3	87.6
6	1	1	1	2	1	2	1	1	1	2	1	0.25	1	1	1	2	1	0.5	80	5120	90	1.4	110	50	95	90	65	3	150.6
3	1	1	1	2	1	1	0.5	1	1	2	1	0.5	1	1	1	1	0.5	0.5	64	5120	85	0.4	35	50	74	55	32	0	52.5
3	1	1	1	2	1	1	0.5	1	1	2	1	0.5	1	1	1	1	0.5	0.5	104	5120	105	1.7	55	50	94	75	52	0	27
3	1	1	1	2	1	1	0.5	1	1	2	1	0.5	1	1	1	1	0.5	0.5	84	5120	105	1.8	55	50	114	75	52	0	22.6
3	1	1	1	2	1	2	0.25	0.5	1	4	2	0.5	0.5	0.5	1	1	1	1	90	10240	130	1	100	88.1	45	65	55	13	23.4
3	1	1	1	2	1	1	0.5	1	1	2	1	0.5	1	1	1	1	0.5	0.5	30	5120	55	0.6	43	24.6	40	65	97	0	8.7
16	1	1	2	0.5	2	1	0.5	1	1	0.5	1	2	1	1	1	1	1	0.5	75	10240	60	0.6	45	50	40	30	50	0	42.1
16	1	1	2	0.5	2	1	0.5	1	1	0.5	1	2	1	1	1	1	1	0.5	95	10240	100	1.1	65	50	60	50	50	0	110.5
16	0.5	1	2	1	2	0.5	0.5	1	1	0.25	0	4	1	1	1	2	1	0.5	145	10240	130	1.5	95	50	120	90	120	10	102.6
17	1	2	0.5	1	0.5	1	2	0.5	2	0.5	2	0.5	0.5	0	0.25	0.5	0.5	1	55	10240	80	0.6	40	0	35	60	30	11	95.2
17	1	2	0.5	1	0.5	1	2	0.5	2	0.5	2	0.5	0.5	0	0.25	0.5	0.5	1	75	10240	100	1.2	60	0	55	80	50	11	202.5
17	1	2	0.5	1	0.5	1	2	0.5	2	0.5	2	0.5	0.5	0	0.25	0.5	0.5	1	145	10240	150	1.6	80	0	105	110	110	11	550
13	1	1	1	1	1	2	0.5	0.5	1	2	2	1	0.5	0.5	1	1	2	2	100	20480	200	1.7	80	0	50	100	50	0	230
6	1	1	1	1	1	2	2	1	1	1	1	0.5	1	1	1	2	2	1	50	20480	100	1.8	80	0	100	200	50	0	175
17	0.5	1	0.5	1	0.5	2	2	0.5	1	0.5	2	0.5	0.5	0	0.5	0.5	0.5	1	75	20480	150	1.9	80	0	75	150	50	0	205
16	2	2	2	0.5	2	0.5	0.5	1	2	0.5	1	2	1	1	0.5	1	1	0.5	100	30720	120	1.4	80	0	140	150	110	11	40
16	2	2	2	0.5	2	0.5	0.5	1	2	0.5	1	2	1	1	0.5	1	1	0.5	130	30720	100	2	80	100	160	120	110	11	60
3	1	1	1	2	1	1	0.5	1	1	2	1	0.5	1	1	1	1	0.5	0.5	150	30720	90	4.5	100	0	180	160	90	0	352
9	1	1	1	0	1	1	1	1	1	2	1	2	1	0.5	1	0.5	1	2	180	30720	160	3.5	100	0	150	90	90	0	950
16	0.5	1	2	1	2	0.5	0.5	1	1	0.25	0	4	1	1	1	2	1	0.5	180	30720	100	7	105	0	180	100	115	10	206.5
17	1	2	0.5	1	0.5	1	2	0.5	2	0.5	2	0.5	0.5	0	0.25	0.5	0.5	1	100	30720	100	0.3	100	0	100	100	100	11	1.1
11	2	2	1	1	1	0.5	1	1	2	1	1	1	1	1	0.5	1	1	1	95	30720	90	1.7	50	0	95	90	180	0	60.8
4	2	1	1	0.5	1	1	2	2	1	0.5	0.5	2	1	2	1	1	1	0.5	68	5120	64	0.4	55	88.1	45	55	31	0	10.2
4	2	1	1	0.5	1	1	2	2	1	0.5	0.5	2	1	2	1	1	1	0.5	89	5120	85	1.1	75	88.1	55	65	36	0	97
4	2	1	1	0	1	1	2	2	1	1	0.5	4	1	1	1	0.5	1	1	109	5120	105	2.2	95	88.1	75	85	56	9	310
2	0.5	1	1	1	0.5	1	0.5	1	1	0.5	2	0.5	1	1	1	2	0.5	2	58	5120	44	0.5	44	88.1	58	44	61	0	6.2
2	0.25	0.5	1	1	1	1	0.5	2	1	0.5	2	0.5	1	1	2	1	0.5	2	78	5120	52	0.9	64	88.1	78	52	81	7	22
2	0.25	0.5	1	1	1	1	0.5	2	1	0.5	2	0.5	1	1	2	1	0.5	2	104	5120	71	1.2	76	88.1	104	71	108	7	55
3	1	1	1	2	1	1	0.5	1	1	2	1	0.5	1	1	1	1	0.5	0.5	51	5120	53	0.4	53	88.1	61	56	40	0	5.2
3	1	1	1	2	1	1	0.5	1	1	2	1	0.5	1	1	1	1	0.5	0.5	66	5120	68	0.8	64	88.1	81	76	50	0	23
3	0.5	1	0.5	2	0.5	2	1	0.5	1	1	2	0.25	0.5	0	0.5	0.5	0.25	0.5	86	5120	88	1.7	84	88.1	111	101	60	17	84.5
1	0.5	1	1	2	1	1	1	1	0	0.5	0	2	1	1	1	2	1	1	55	3840	30	0.3	40	50	30	30	60	10	2
1	0.5	1	1	2	1	1	1	1	0	0.5	0	2	1	1	1	2	1	1	75	3840	50	0.6	55	50	40	40	80	10	15.5
1	0.5	1	1	2	1	1	1	1	0	0.5	0	2	1	1	1	2	1	1	120	3840	70	1.2	85	50	50	60	100	10	24.9
1	1	1	1	1	1	2	1	1	0	1	1	1	1	1	1	1	1	1	45	3840	40	0.5	59	50	35	40	31	0	20
1	1	1	1	2	1	2	0.5	1	0	2	1	0.5	1	1	1	1	0.5	0.5	85	3840	60	1	79	50	55	60	71	3	31.5
12	1	1	1	1	1	0.5	2	2	1	0.5	0.5	1	1	1	1	2	1	1	25	3840	41	0.3	37	50	25	41	25	0	2.2
12	1	1	1	1	1	0.5	2	2	1	0.5	0.5	1	1	1	1	2	1	1	85	3840	51	1	77	50	55	51	65	0	25.5
5	1	1	1	0.5	1	1	1	0.5	1	1	2	1	1	1	1	1	0.5	1	65	5120	34	0.5	45	50	40	34	45	0	9.5
5	1	1	1	0.5	1	1	1	0.5	1	1	2	1	1	1	1	1	0.5	1	85	5120	49	0.9	60	50	60	49	60	0	30.5
5	1	1	1	0.5	1	1	1	0.5	1	1	2	1	1	1	1	1	0.5	1	120	5120	79	1.4	80	50	95	79	70	0	42
4	1	1	1	0.5	0.5	0.5	2	2	1	0.25	1	2	1	1	2	1	1	0.5	30	5120	35	0.2	40	50	50	70	55	8	1.2
4	1	1	1	0.5	0.5	0.5	2	2	1	0.25	1	2	1	1	2	1	1	0.5	70	5120	65	0.9	60	50	125	105	90	8	14.5
13	1	1	1	1	1	2	0.5	0.5	1	2	2	1	0.5	0.5	1	1	2	2	125	7680	40	0.9	67	88.1	30	30	58	0	31.5
13	1	1	1	1	1	2	0.5	0.5	1	2	2	1	0.5	0.5	1	1	2	2	165	7680	60	1.6	97	88.1	65	50	58	0	102.5
13	0.5	1	0.5	1	0.5	4	1	0.25	1	1	4	0.5	0.25	0	0.5	0.5	1	2	42	7680	118	0.5	30	88.1	42	88	30	17	57
13	0.5	1	0.5	1	0.5	4	1	0.25	1	1	4	0.5	0.25	0	0.5	0.5	1	2	52	7680	168	1.3	60	88.1	47	138	30	17	149.5
12	1	1	1	1	1	0.5	2	2	1	0.5	0.5	1	1	1	1	2	1	1	29	3840	45	0.2	40	50	29	45	36	0	3.4
12	2	1	1	0.5	1	0.5	4	4	1	0.25	0.25	2	1	2	1	2	1	0.5	69	3840	95	0.5	60	0	69	95	36	4	6.5
12	0.5	1	1	2	1	0.25	2	2	1	0.25	0	2	1	1	1	4	1	1	94	3840	50	0.9	70	100	94	50	66	10	23.3
12	0.5	1	1	2	1	0.25	2	2	1	0.25	0	2	1	1	1	4	1	1	30	3840	42	0.3	30	88.1	30	42	70	10	5.5
12	0.5	1	1	2	1	0.25	2	2	1	0.25	0	2	1	1	1	4	1	1	80	3840	102	1.2	70	0	80	102	40	10	38.5
5	1	1	1	0.5	1	1	1	0.5	1	1	2	1	1	1	1	1	0.5	1	45	2560	70	0.4	60	50	45	90	95	0	3.9
3	1	1	1	2	1	1	0.5	1	1	2	1	0.5	1	1	1	1	0.5	0.5	65	5120	35	0.7	55	50	60	30	85	0	29.5
3	1	1	1	2	1	1	0.5	1	1	2	1	0.5	1	1	1	1	0.5	0.5	105	5120	55	1.1	85	50	85	50	115	0	33.5
4	2	1	1	0.5	1	1	2	2	1	0.5	0.5	2	1	2	1	1	1	0.5	35	5120	45	0.4	45	50	62	53	35	0	3.3
4	2	1	1	0.5	1	1	2	2	1	0.5	0.5	2	1	2	1	1	1	0.5	60	5120	70	0.5	70	50	87	78	85	0	9.3
3	1	1	1	2	1	1	0.5	1	1	2	1	0.5	1	1	1	1	0.5	0.5	48	5120	48	0.3	76	50	57	62	34	0	6.3
3	1	1	1	0	1	1	0.5	1	1	4	1	1	1	0.5	1	0.5	0.5	1	83	5120	68	0.9	111	50	92	82	39	9	29.9
1	1	1	1	1	1	2	1	1	0	1	1	1	1	1	1	1	1	1	100	5120	66	1.2	75	50	60	66	115	0	20.3
14	0.25	2	1	2	1	0	1	1	2	0.5	0	2	0	0.5	1	2	1	1	50	7680	34	0.4	90	50	60	44	70	10	1.2
14	0.25	2	1	2	1	0	1	1	2	0.5	0	2	0	0.5	1	2	1	1	80	7680	44	1.2	150	50	90	54	80	10	15
1	1	1	1	1	1	2	1	1	0	1	1	1	1	1	1	1	1	1	66	5120	44	0.4	55	50	44	56	85	0	5.5
1	1	1	1	1	1	2	1	1	0	1	1	1	1	1	1	1	1	1	136	5120	94	1.2	65	50	54	96	135	0	33.3
14	0.5	2	1	1	1	0	1	1	2	1	1	1	0	0.5	1	1	1	1	60	6400	60	0.9	60	50	105	105	105	0	4.4
15	1	0.5	1	2	2	1	1	1	0.5	0.5	0	2	1	1	0	2	1	1	125	5120	52	0.9	100	50	105	52	71	10	27.3
1	1	1	1	1	1	2	1	1	0	1	1	1	1	1	1	1	1	1	55	5120	42	0.5	49	24.6	42	37	85	0	3.9
1	1	1	1	1	1	2	1	1	0	1	1	1	1	1	1	1	1	1	82	5120	64	1	71	24.6	64	59	112	0	43.8
11	2	2	1	1	1	0.5	1	1	2	1	1	1	1	1	0.5	1	1	1	30	6400	50	0.2	45	50	65	50	45	0	0.6
8	1	0.5	1	1	1	1	1	1	0.5	0.5	2	1	1	0.5	0	1	1	1	63	5120	47	0.4	63	50	41	41	74	15	19.2
8	1	0.5	1	1	1	1	1	1	0.5	0.5	2	1	1	0.5	0	1	1	1	93	5120	67	1	103	50	71	61	84	15	38
17	1	2	0.5	1	0.5	1	2	0.5	2	0.5	2	0.5	0.5	0	0.25	0.5	0.5	1	24	5120	86	0.5	57	0	24	86	23	11	60.5
17	1	2	0.5	1	0.5	1	2	0.5	2	0.5	2	0.5	0.5	0	0.25	0.5	0.5	1	89	5120	116	1.3	67	0	79	116	33	11	187
13	1	1	1	1	1	2	0.5	0.5	1	2	2	1	0.5	0.5	1	1	2	2	80	5120	95	0.5	50	50	10	45	10	0	15
11	1	1	0	1	1	0.25	1	1	2	1	1	1	1	2	0.5	1	2	1	25	6400	45	0.6	20	50	70	90	60	18	13
1	1	1	1	1	1	2	1	1	0	1	1	1	1	1	1	1	1	1	5	10240	5	0.6	100	0	15	65	30	0	24.4
1	0.5	1	1	2	1	1	1	1	0	0.5	0	2	1	1	1	2	1	1	65	5120	45	0.5	76	50	92	42	91	10	1.9
14	1	1	1	1	2	0	1	1	1	1	1	1	0	0.5	0	1	1	1	92	7680	108	1	50	50	92	108	35	15	108
16	1	1	2	0	2	1	0.5	1	1	1	1	4	1	0.5	1	0.5	1	1	70	10240	45	0.7	58	50	40	45	42	9	20.5
16	1	1	2	0	2	1	0.5	1	1	1	1	4	1	0.5	1	0.5	1	1	90	10240	65	1.4	68	50	50	55	82	9	56
16	1	1	2	0	2	1	0.5	1	1	1	1	4	1	0.5	1	0.5	1	1	170	10240	115	1.9	108	50	120	95	92	9	95
1	1	1	1	1	1	2	1	1	0	1	1	1	1	1	1	1	1	1	85	10240	40	0.6	135	88.1	40	85	5	0	105
7	0.5	0.5	1	1	2	1	1	2	1	1	1	1	1	1	2	0.5	1	1	70	6400	40	0.7	40	88.1	35	40	60	0	20.2
7	0.25	0.5	0.5	1	1	2	2	1	1	0.5	2	0.5	0.5	0	1	0.25	0.5	1	145	6400	88	1.2	70	88.1	140	70	112	17	54
9	1	1	1	0	1	1	1	1	1	2	1	2	1	0.5	1	0.5	1	2	72	7680	78	0.8	68	50	38	42	32	0	49.5
9	1	1	1	0	1	1	1	1	1	2	1	2	1	0.5	1	0.5	1	2	112	7680	118	2	108	50	68	72	47	0	300
8	0.5	1	1	1	0.5	0.25	2	2	1	0.25	1	1	1	0.5	2	2	1	1	50	5120	90	0.8	40	50	30	55	65	12	12
8	1	0.5	1	1	1	1	1	1	0.5	0.5	2	1	1	0.5	0	1	1	1	90	5120	110	1.3	70	50	60	75	95	15	61.5
8	0.25	0.5	1	1	1	0.5	1	2	1	0.5	2	1	1	0.5	4	0.5	1	1	61	2560	40	0.7	48	50	61	40	50	7	23
8	0.25	0.5	1	1	1	0.5	1	2	1	0.5	2	1	1	0.5	4	0.5	1	1	106	5120	65	1.3	83	50	86	65	85	7	44.4
4	2	1	1	0.5	1	1	2	2	1	0.5	0.5	2	1	2	1	1	1	0.5	100	6400	72	1.4	74	50	90	72	46	0	27
3	1	1	1	2	1	1	0.5	1	1	2	1	0.5	1	1	1	1	0.5	0.5	49	5120	56	0.4	49	50	49	61	66	0	7
3	1	1	1	2	1	1	0.5	1	1	2	1	0.5	1	1	1	1	0.5	0.5	69	5120	76	1.2	69	50	69	86	91	0	24
3	0.5	1	1	4	1	0.5	0.5	1	1	1	0	1	1	1	1	2	0.5	0.5	20	6400	50	1	45	50	60	120	50	10	65
4	2	1	1	0.5	1	2	4	2	1	0.5	0.5	1	1	2	1	2	2	0.5	62	5120	50	1	60	50	62	60	40	6	50.5
4	2	1	1	0.5	1	2	4	2	1	0.5	0.5	1	1	2	1	2	2	0.5	132	5120	105	2.2	90	50	132	105	30	6	135.5
15	2	0.5	1	1	2	4	2	1	0.5	1	1	0.5	1	1	0	2	2	1	120	5120	65	1.1	70	50	45	85	125	6	34
5	0.5	1	0.5	0.5	0.5	2	2	0.25	1	0.5	4	0.5	0.5	0	0.5	0.5	0.25	1	70	5120	115	1.2	70	0	130	90	60	17	180
1	1	1	1	1	1	2	1	1	0	1	1	1	1	1	1	1	1	1	85	5120	95	1.7	110	50	80	95	50	0	140
9	1	1	1	0	1	2	0.5	0.5	1	4	2	2	0.5	0.25	1	0.5	2	4	140	5120	130	2.4	115	50	55	55	40	13	282.8
4	2	1	1	0.5	1	1	2	2	1	0.5	0.5	2	1	2	1	1	1	0.5	100	5120	125	2	100	50	110	50	50	0	128.6
5	1	1	1	0.5	1	1	1	0.5	1	1	2	1	1	1	1	1	0.5	1	123	6400	67	1.8	75	75.4	95	85	95	0	138.6
2	0.5	1	1	1	0.5	1	0.5	1	1	0.5	2	0.5	1	1	1	2	0.5	2	95	6400	67	1.6	75	75.4	125	95	83	0	68
18	0.25	0.5	0	2	1	0.25	1	1	1	0.5	0	2	1	2	1	2	2	1	50	2560	95	1.5	85	88.1	120	115	80	10	38
12	0.5	1	1	2	1	0.25	2	2	1	0.25	0	2	1	1	1	4	1	1	76	5120	86	1.9	86	50	116	56	95	10	51.5
4	2	1	1	0.5	1	1	2	2	1	0.5	0.5	2	1	2	1	1	1	0.5	110	8960	130	1	65	88.1	60	65	95	0	25.5
6	1	1	1	1	1	2	2	1	1	1	1	0.5	1	1	1	2	2	1	60	8960	110	0.8	65	88.1	130	95	65	0	25.9
9	0.5	1	1	0	1	0.5	1	1	1	1	0	4	1	0.5	1	1	1	2	95	5120	125	2	75	50	45	75	95	10	42.5
6	1	1	1	0	1	2	2	1	1	2	1	1	1	0.5	1	1	2	2	130	5120	80	2.5	110	50	70	60	80	9	291
1	1	1	1	1	1	2	1	1	0	1	1	1	1	1	1	1	1	1	80	5120	70	0.9	85	0	135	75	90	0	34
11	1	1	1	1	2	0.5	1	2	2	1	1	1	1	1	1	0.5	1	1	165	5120	95	1.6	68	100	65	115	110	7	52
13	0.5	1	0.5	1	0.5	4	1	0.25	1	1	4	0.5	0.25	0	0.5	0.5	1	2	55	5120	145	1.4	60	50	75	150	40	17	340
14	0.5	2	1	1	1	0	1	1	2	1	1	1	0	0.5	1	1	1	1	100	6400	135	2.2	45	50	65	135	45	0	106.6
6	0.5	2	1	1	1	0	2	1	2	1	1	0.5	0	0.5	1	2	2	1	80	5120	70	1.3	70	0	80	70	110	14	26.6
5	0.5	2	1	0.5	1	0	1	0.5	2	1	2	1	0	0.5	1	1	0.5	1	65	5120	107	0.3	50	0	105	107	86	14	0.3
11	2	2	1	1	1	0.5	1	1	2	1	1	1	1	1	0.5	1	1	1	75	20480	130	0.3	75	0	75	130	95	0	0.3
11	2	2	1	1	1	0.5	1	1	2	1	1	1	1	1	0.5	1	1	1	105	20480	105	0.3	80	0	105	105	80	0	0.3
11	2	2	1	1	1	0.5	1	1	2	1	1	1	1	1	0.5	1	1	1	125	20480	70	0.3	75	0	125	70	115	0	0.3
17	0.5	1	1	0.5	1	2	1	0.5	1	0.25	2	1	0.5	0	0.5	0.5	0.5	0.5	120	30720	120	5.4	100	0	150	100	90	16	683
3	1	1	2	1	2	1	0.25	1	1	1	1	1	1	1	1	1	0.5	0.25	120	30720	100	4.2	90	0	150	120	100	16	336
2	0.25	1	0.5	1	0.25	2	1	0.5	1	0.25	4	0.25	0.5	0	0.5	1	0.25	2	90	2560	106	1.7	91	50	130	106	77	17	430
1	1	1	1	1	1	2	1	1	0	1	1	1	1	1	1	1	1	1	160	30720	110	3.7	110	0	80	110	100	0	420
14	0.5	2	2	0.5	2	0	0.5	1	2	0.5	1	2	0	0.5	1	1	1	0.5	120	30720	100	4.5	150	0	120	100	90	16	750
11	2	2	1	1	1	0.5	1	1	2	1	1	1	1	1	0.5	1	1	1	70	30720	120	1.5	120	0	75	130	85	0	85.6
3	1	1	1	2	1	1	0.5	1	1	2	1	0.5	1	1	1	1	0.5	0.5	80	10240	80	0.4	80	0	80	80	80	0	3.1
3	1	1	1	2	1	1	0.5	1	1	2	1	0.5	1	1	1	1	0.5	0.5	100	2560	100	0.3	100	0	100	100	100	0	1.4
15	2	0.5	1	1	2	2	1	1	0.5	1	1	1	1	1	0	1	1	1	90	30720	90	1.5	70	0	135	90	125	0	50.5
4	2	1	1	0.5	1	1	2	2	1	0.5	0.5	2	1	2	1	1	1	0.5	103	30720	75	0.2	100	0	120	75	127	4	2.1
1	1	1	1	1	1	2	1	1	0	1	1	1	1	1	1	1	1	1	120	30720	120	3.2	120	0	120	120	120	0	320
11	1	2	1	1	0.5	0.5	0.5	1	2	0.5	2	0.5	1	1	0.5	2	0.5	2	100	30720	100	0.4	100	0	100	100	100	2	4
4	2	1	1	0.5	1	1	2	2	1	0.5	0.5	2	1	2	1	1	1	0.5	45	5120	55	0.6	45	88.1	45	55	63	0	8.1
4	2	1	1	0.5	1	1	2	2	1	0.5	0.5	2	1	2	1	1	1	0.5	60	5120	75	0.8	60	88.1	60	75	83	0	16
4	2	1	1	0.5	1	1	2	2	1	0.5	0.5	2	1	2	1	1	1	0.5	75	5120	95	3.3	75	88.1	75	95	113	0	63
2	0.5	1	1	1	0.5	1	0.5	1	1	0.5	2	0.5	1	1	1	2	0.5	2	63	5120	45	0.5	65	88.1	45	45	45	0	9.9
2	0.25	0.5	1	1	1	1	0.5	2	1	0.5	2	0.5	1	1	2	1	0.5	2	93	5120	55	1	90	88.1	70	55	55	7	55.5
2	0.25	0.5	1	1	1	1	0.5	2	1	0.5	2	0.5	1	1	2	1	0.5	2	123	5120	65	1.6	110	88.1	100	65	65	7	150
3	1	1	1	2	1	1	0.5	1	1	2	1	0.5	1	1	1	1	0.5	0.5	55	5120	45	0.5	55	88.1	63	45	45	0	5.9
3	1	1	1	2	1	1	0.5	1	1	2	1	0.5	1	1	1	1	0.5	0.5	75	5120	60	0.8	75	88.1	83	60	60	0	24.5
3	1	1	1	2	1	1	0.5	1	1	2	1	0.5	1	1	1	1	0.5	0.5	100	5120	85	1.5	95	88.1	108	70	70	0	94.6
1	1	1	1	1	1	2	1	1	0	1	1	1	1	1	1	1	1	1	55	3840	39	0.5	45	50	35	39	42	0	11.6
1	1	1	1	1	1	2	1	1	0	1	1	1	1	1	1	1	1	1	85	5120	69	1.1	60	50	60	69	77	0	27
1	1	1	1	1	1	2	1	1	0	1	1	1	1	1	1	1	1	1	60	3840	45	0.4	45	50	25	45	55	0	4.1
1	1	1	1	1	1	2	1	1	0	1	1	1	1	1	1	1	1	1	80	3840	65	0.9	65	50	35	65	60	0	14.7
1	1	1	1	1	1	2	1	1	0	1	1	1	1	1	1	1	1	1	110	3840	90	1.2	85	50	45	90	80	0	61
15	2	0.5	1	1	2	2	1	1	0.5	1	1	1	1	1	0	1	1	1	50	5120	37	0.4	41	50	50	37	66	0	10.1
15	2	0.5	1	1	2	2	1	1	0.5	1	1	1	1	1	0	1	1	1	88	5120	50	1.1	64	50	88	50	106	0	37.5
4	2	1	1	0.5	1	1	2	2	1	0.5	0.5	2	1	2	1	1	1	0.5	53	5120	48	0.6	50	88.1	53	48	64	0	10.5
4	2	1	1	0.5	1	1	2	2	1	0.5	0.5	2	1	2	1	1	1	0.5	98	5120	63	1.1	75	88.1	98	63	101	0	30.5
2	0.5	1	1	1	0.5	1	0.5	1	1	0.5	2	0.5	1	1	1	2	0.5	2	53	5120	48	0.6	50	88.1	53	48	64	0	11
2	0.5	1	1	1	0.5	1	0.5	1	1	0.5	2	0.5	1	1	1	2	0.5	2	98	5120	63	1	75	88.1	98	63	101	0	28
3	1	1	1	2	1	1	0.5	1	1	2	1	0.5	1	1	1	1	0.5	0.5	53	5120	48	0.6	50	88.1	53	48	64	0	13.5
3	1	1	1	2	1	1	0.5	1	1	2	1	0.5	1	1	1	1	0.5	0.5	98	5120	63	1	75	88.1	98	63	101	0	29
11	2	2	1	1	1	0.5	1	1	2	1	1	1	1	1	0.5	1	1	1	25	2560	45	0.6	76	50	67	55	24	0	23.3
11	2	2	1	1	1	0.5	1	1	2	1	1	1	1	1	0.5	1	1	1	55	2560	85	1.1	116	50	107	95	29	0	60.5
1	0.5	1	1	2	1	1	1	1	0	0.5	0	2	1	1	1	2	1	1	55	3840	50	0.3	50	50	36	30	43	10	2.1
1	0.5	1	1	2	1	1	1	1	0	0.5	0	2	1	1	1	2	1	1	77	3840	62	0.6	62	50	50	42	65	10	15
1	0.5	1	1	2	1	1	1	1	0	0.5	0	2	1	1	1	2	1	1	115	3840	80	1.2	80	50	65	55	93	10	29
5	1	1	1	0.5	1	1	1	0.5	1	1	2	1	1	1	1	1	0.5	1	60	5120	32	0.8	45	50	50	32	76	0	29.8
5	1	1	1	0.5	1	1	1	0.5	1	1	2	1	1	1	1	1	0.5	1	100	5120	63	1.6	75	50	80	63	116	0	79.5
13	1	1	1	1	1	2	0.5	0.5	1	2	2	1	0.5	0.5	1	1	2	2	75	3840	85	0.4	55	50	25	25	15	0	18
13	1	1	1	1	1	2	0.5	0.5	1	2	2	1	0.5	0.5	1	1	2	2	105	3840	105	0.9	70	50	50	40	20	0	102
13	1	1	1	1	1	2	0.5	0.5	1	2	2	1	0.5	0.5	1	1	2	2	135	3840	130	1.7	85	50	60	80	25	0	260
11	1	2	1	2	1	0.25	1	1	2	0.5	0	2	1	1	0.5	2	1	1	45	3840	43	0.4	65	50	55	43	72	10	2.1
11	1	2	1	2	1	0.25	1	1	2	0.5	0	2	1	1	0.5	2	1	1	57	3840	55	0.9	67	50	77	55	114	10	10.5
9	1	1	1	0	1	1	1	1	1	2	1	2	1	0.5	1	0.5	1	2	85	5120	40	0.3	60	50	30	45	68	0	8.5
9	0.5	1	0.5	0	0.5	2	2	0.5	1	1	2	1	0.5	0	0.5	0.25	0.5	2	135	5120	60	0.7	110	50	50	65	88	17	40.4
1	1	1	1	1	1	2	1	1	0	1	1	1	1	1	1	1	1	1	60	5120	126	1.1	103	50	80	126	50	0	31
7	0.5	0.5	1	1	2	1	1	2	1	1	1	1	1	1	2	0.5	1	1	80	5120	55	0.6	75	75.4	25	35	35	0	12.5
7	0.5	0.5	1	1	2	1	1	2	1	1	1	1	1	1	2	0.5	1	1	105	5120	85	1.2	85	75.4	40	50	40	0	40
7	0.5	0.5	1	1	2	1	1	2	1	1	1	1	1	1	2	0.5	1	1	140	5120	95	1.4	105	75.4	55	65	45	0	87
3	1	1	1	2	1	1	0.5	1	1	2	1	0.5	1	1	1	1	0.5	0.5	50	5120	40	0.5	50	50	50	40	64	0	4.5
3	1	1	1	0	1	1	0.5	1	1	4	1	1	1	0.5	1	0.5	0.5	1	65	5120	55	0.8	75	50	65	55	69	9	17
3	1	1	1	0	1	1	0.5	1	1	4	1	1	1	0.5	1	0.5	0.5	1	95	5120	75	1.5	105	50	85	75	74	9	62
7	0.5	0.5	1	1	2	1	1	2	1	1	1	1	1	1	2	0.5	1	1	100	5120	85	1.3	120	100	30	85	45	0	55.5
7	0.5	0.5	1	1	2	1	1	2	1	1	1	1	1	1	2	0.5	1	1	125	5120	75	1.4	75	100	30	75	85	0	51
12	2	1	1	0.5	1	0.5	4	4	1	0.25	0.25	2	1	2	1	2	1	0.5	53	3840	70	0.3	45	50	40	60	42	4	2.5
12	2	1	1	0.5	1	0.5	4	4	1	0.25	0.25	2	1	2	1	2	1	0.5	63	3840	90	0.5	55	50	50	80	42	4	7.3
12	2	1	1	0.5	1	0.5	4	4	1	0.25	0.25	2	1	2	1	2	1	0.5	103	3840	80	1.2	75	50	70	80	92	4	20.5
12	0.5	1	1	1	0.5	0.25	2	2	1	0.25	1	1	1	0.5	2	2	1	1	45	3840	59	0.4	30	50	30	39	57	8	5.3
12	0.5	1	1	1	0.5	0.25	2	2	1	0.25	1	1	1	0.5	2	2	1	1	55	3840	99	1.2	40	50	40	79	47	8	58.5
12	0.5	1	1	1	0.5	0.25	2	2	1	0.25	1	1	1	0.5	2	2	1	1	100	5120	89	2.5	60	50	55	69	112	8	200.5
4	1	0.5	0	0.5	1	0.5	2	2	1	0.5	0.5	2	1	4	1	1	2	0.5	27	5120	60	0.3	40	50	37	50	66	18	0.6
4	1	0.5	0	0.5	1	0.5	2	2	1	0.5	0.5	2	1	4	1	1	2	0.5	67	5120	85	0.7	60	50	77	75	116	18	6.6
4	2	1	1	0.5	1	1	2	2	1	0.5	0.5	2	1	2	1	1	1	0.5	35	5120	50	0.5	45	0	70	50	30	0	6.6
4	2	1	1	0.5	1	1	2	2	1	0.5	0.5	2	1	2	1	1	1	0.5	60	5120	75	1.1	70	0	110	75	90	0	16.3
3	1	1	1	2	1	1	0.5	1	1	2	1	0.5	1	1	1	1	0.5	0.5	92	10240	65	1	70	50	80	55	98	0	18
9	2	0.5	1	0	2	2	1	1	0.5	2	1	2	1	0.5	0	0.5	1	2	72	5120	35	0.7	50	50	35	35	65	15	15.2
9	2	0.5	1	0	2	2	1	1	0.5	2	1	2	1	0.5	0	0.5	1	2	82	5120	45	1	60	50	45	45	74	15	33.4
9	2	0.5	1	0	2	2	1	1	0.5	2	1	2	1	0.5	0	0.5	1	2	117	5120	80	1.5	95	50	65	70	92	15	96.3
2	0.5	1	1	1	0.5	1	0.5	1	1	0.5	2	0.5	1	1	1	2	0.5	2	90	5120	45	0.6	70	50	15	45	50	0	37.5
2	0.5	1	1	1	0.5	1	0.5	1	1	0.5	2	0.5	1	1	1	2	0.5	2	30	5120	105	1.3	105	50	140	105	55	2	92.9
4	2	1	1	0.5	1	1	2	2	1	0.5	0.5	2	1	2	1	1	1	0.5	86	5120	67	1	75	50	106	67	60	0	28
12	1	1	1	1	1	1	1	1	1	1	1	1	0.5	0.5	1	2	2	2	65	5120	85	0.3	50	50	35	35	55	13	14.5
12	1	1	1	1	1	1	1	1	1	1	1	1	0.5	0.5	1	2	2	2	105	5120	125	1.4	70	50	65	75	45	13	200
15	1	0.25	1	1	4	2	1	2	0.5	1	1	1	1	1	0	0.5	1	1	75	3840	70	0.6	50	50	35	70	48	7	11.8
15	1	0.25	1	1	4	2	1	2	0.5	1	1	1	1	1	0	0.5	1	1	90	3840	115	1.1	65	50	45	115	58	7	30
11	1	2	1	2	1	0.25	1	1	2	0.5	0	2	1	1	0.5	2	1	1	58	5120	80	1.4	72	50	103	80	97	10	14
14	0.5	2	1	1	1	0	1	1	2	1	1	1	0	0.5	1	1	1	1	30	6400	85	0.5	38	50	55	65	30	0	1.5
14	0.5	2	1	1	1	0	1	1	2	1	1	1	0	0.5	1	1	1	1	50	6400	145	1.7	58	50	95	105	30	0	76.5
3	1	1	1	2	1	2	0.25	0.5	1	4	2	0.5	0.5	0.5	1	1	1	1	78	7680	103	0.7	54	88.1	53	45	22	13	16.5
3	1	1	1	2	1	2	0.25	0.5	1	4	2	0.5	0.5	0.5	1	1	1	1	108	7680	133	1.2	74	88.1	83	65	32	13	81
13	0.5	1	1	2	1	1	0.5	0.5	1	1	0	2	0.5	0.5	1	2	2	2	112	7680	45	0.5	55	88.1	74	45	70	10	9.5
13	0.5	1	1	2	1	1	0.5	0.5	1	1	0	2	0.5	0.5	1	2	2	2	140	7680	65	1.4	75	88.1	112	65	110	10	32
8	0.5	1	1	1	0.5	0.5	1	1	1	0.5	2	1	1	0.5	2	1	1	1	50	5120	62	0.6	50	50	40	62	65	0	31
8	0.5	1	1	1	0.5	0.5	1	1	1	0.5	2	1	1	0.5	2	1	1	1	95	5120	82	1.9	80	50	60	82	75	0	107.3
15	2	0.5	1	1	2	2	1	1	0.5	1	1	1	1	1	0	1	1	1	65	6400	40	0.7	40	88.1	80	40	65	0	12.5
15	2	0.5	1	1	2	2	1	1	0.5	1	1	1	1	1	0	1	1	1	105	5120	60	1.6	60	88.1	120	60	105	0	81.1
1	1	1	1	1	1	2	1	1	0	1	1	1	1	1	1	1	1	1	50	3840	40	0.4	55	24.6	40	40	75	0	5.8
1	1	1	1	1	1	2	1	1	0	1	1	1	1	1	1	1	1	1	95	3840	60	0.5	75	24.6	65	60	115	0	7.5
11	2	2	1	1	1	0.5	1	1	2	1	1	1	1	1	0.5	1	1	1	30	5120	50	0.4	45	24.6	55	65	45	0	5.8
11	2	2	1	1	1	0.5	1	1	2	1	1	1	1	1	0.5	1	1	1	45	5120	70	0.7	60	24.6	75	85	55	0	18
11	2	2	1	1	1	0.5	1	1	2	1	1	1	1	1	0.5	1	1	1	55	5120	95	1.5	70	24.6	95	110	65	0	44
11	2	2	1	1	1	0.5	1	1	2	1	1	1	1	1	0.5	1	1	1	30	5120	40	0.3	45	50	105	50	20	0	1
11	2	2	1	1	1	0.5	1	1	2	1	1	1	1	1	0.5	1	1	1	40	5120	50	0.6	65	50	125	60	30	0	8
11	2	2	1	1	1	0.5	1	1	2	1	1	1	1	1	0.5	1	1	1	65	5120	75	1	110	50	125	85	30	0	20.1
3	0.5	1	1	4	1	0.5	0.5	1	1	1	0	1	1	1	1	2	0.5	0.5	44	5120	50	0.5	62	50	44	50	55	10	5.5
3	0.5	1	1	4	1	0.5	0.5	1	1	1	0	1	1	1	1	2	0.5	0.5	87	5120	63	1.3	75	50	87	63	98	10	24.2
6	1	1	1	1	1	2	2	1	1	1	1	0.5	1	1	1	2	2	1	50	5120	50	0.4	36	50	65	60	44	0	5.7
6	1	1	1	1	1	2	2	1	1	1	1	0.5	1	1	1	2	2	1	65	5120	65	1.1	51	50	80	75	59	0	41
6	1	1	1	1	1	2	2	1	1	1	1	0.5	1	1	1	2	2	1	95	5120	85	1.3	71	50	110	95	79	0	57.5
1	2	1	1	0.5	1	2	2	2	0	0.5	0.5	2	1	2	1	1	1	0.5	60	5120	50	0.6	60	50	40	50	75	4	19.5
1	2	1	1	0.5	1	2	2	2	0	0.5	0.5	2	1	2	1	1	1	0.5	100	5120	70	1.9	80	50	60	70	95	4	92.5
5	0.5	1	1	1	1	0.5	1	0.5	1	0.5	0	2	1	1	1	2	0.5	1	75	5120	60	0.4	55	50	75	60	103	10	5
12	1	1	1	1	1	0.5	2	2	1	0.5	0.5	1	1	1	1	2	1	1	75	3840	45	0.5	50	50	40	45	60	0	5.9
12	0.5	1	0.5	1	0.5	1	4	1	1	0.25	1	0.5	0.5	0	0.5	1	0.5	1	135	3840	105	1	70	50	60	105	20	17	33
4	1	1	1	0.5	0.5	0.5	2	2	1	0.25	1	2	1	1	2	1	1	0.5	55	5120	45	0.2	69	50	55	55	15	8	1
4	1	1	1	0.5	0.5	0.5	2	2	1	0.25	1	2	1	1	2	1	1	0.5	85	5120	70	0.6	114	50	85	80	30	8	10.5
3	0.5	2	1	2	1	0	0.5	1	2	2	1	0.5	0	0.5	1	1	0.5	0.5	40	5120	50	1.2	55	50	65	85	40	14	33
3	0.5	2	1	2	1	0	0.5	1	2	2	1	0.5	0	0.5	1	1	0.5	0.5	60	5120	70	2.2	100	50	85	105	60	14	135
3	1	1	1	2	1	1	0.5	1	1	2	1	0.5	1	1	1	1	0.5	0.5	75	10240	80	1.2	165	50	40	45	65	0	31.6
12	1	1	1	0.5	1	0.5	2	1	1	0.5	1	1	1	1	1	2	0.5	1	47	5120	50	0.1	50	50	57	50	65	5	0.6
12	1	1	1	0.5	1	0.5	2	1	1	0.5	1	1	1	1	1	2	0.5	1	77	5120	60	0.8	70	50	97	60	108	5	14.3
4	1	1	0.5	0.5	0.5	2	4	1	1	0.25	1	1	0.5	0	0.5	0.5	0.5	0.5	50	5120	91	0.6	44	50	24	86	10	17	18.8
4	1	1	0.5	0.5	0.5	2	4	1	1	0.25	1	1	0.5	0	0.5	0.5	0.5	0.5	94	5120	131	1	74	50	54	116	20	17	110
17	0.5	1	0.5	1	0.5	2	2	0.5	1	0.5	2	0.5	0.5	0	0.5	0.5	0.5	1	55	5120	70	0.3	40	0	45	60	30	0	21
17	0.5	1	0.5	1	0.5	2	2	0.5	1	0.5	2	0.5	0.5	0	0.5	0.5	0.5	1	80	5120	95	0.6	60	0	70	85	50	0	51
17	0.5	1	0.5	1	0.5	2	2	0.5	1	0.5	2	0.5	0.5	0	0.5	0.5	0.5	1	100	5120	115	0.6	60	0	70	85	90	0	81
5	1	1	1	0.5	1	1	1	0.5	1	1	2	1	1	1	1	1	0.5	1	55	5120	40	0.2	35	50	45	40	60	0	0.3
5	1	1	1	0.5	1	1	1	0.5	1	1	2	1	1	1	1	1	0.5	1	85	5120	70	1.2	65	50	75	70	40	0	22
5	1	1	1	0.5	1	1	1	0.5	1	1	2	1	1	1	1	1	0.5	1	115	5120	80	2.1	85	50	105	80	50	0	80.5
11	2	2	1	1	1	0.5	1	1	2	1	1	1	1	1	0.5	1	1	1	55	5120	55	0.5	55	50	85	55	30	0	9
11	2	2	1	1	1	0.5	1	1	2	1	1	1	1	1	0.5	1	1	1	75	5120	75	1	75	50	125	95	40	0	34.5
14	0.25	2	1	1	0.5	0	0.5	1	2	0.5	2	0.5	0	0.5	1	2	0.5	2	30	5120	55	0.3	50	50	65	55	20	2	3.1
14	0.25	2	1	1	0.5	0	0.5	1	2	0.5	2	0.5	0	0.5	1	2	0.5	2	40	5120	60	0.6	60	50	95	60	55	2	13
14	0.25	2	1	1	0.5	0	0.5	1	2	0.5	2	0.5	0	0.5	1	2	0.5	2	55	5120	90	1	60	50	145	90	80	2	34.3
16	1	1	2	0.5	2	1	0.5	1	1	0.5	1	2	1	1	1	1	1	0.5	87	10240	60	0.6	46	50	30	40	57	0	18
16	1	1	2	0.5	2	1	0.5	1	1	0.5	1	2	1	1	1	1	1	0.5	117	10240	70	1	66	50	40	50	67	0	36
16	1	1	2	0.5	2	1	0.5	1	1	0.5	1	2	1	1	1	1	1	0.5	147	10240	90	1.8	76	50	60	70	97	0	105.5
6	1	1	1	1	1	2	2	1	1	1	1	0.5	1	1	1	2	2	1	70	5120	40	0.5	55	50	60	40	40	0	8.5
6	1	1	1	1	1	2	2	1	1	1	1	0.5	1	1	1	2	2	1	130	5120	80	2.6	95	50	70	80	50	0	260
6	1	1	1	1	1	2	2	1	1	1	1	0.5	1	1	1	2	2	1	50	6400	50	1.1	80	0	95	135	105	0	148
12	1	1	1	1	1	0.5	2	2	1	0.5	0.5	1	1	1	1	2	1	1	40	3840	85	0.4	50	50	40	65	25	0	7.7
12	1	1	1	1	1	0.5	2	2	1	0.5	0.5	1	1	1	1	2	1	1	70	3840	40	0.8	80	50	100	60	145	0	25.3
9	1	1	1	0	1	1	1	0.5	1	2	2	2	1	0.5	1	0.5	0.5	2	66	5120	84	0.7	109	50	81	99	32	5	11
7	0.5	0.5	1	1	2	1	1	2	1	1	1	1	1	1	2	0.5	1	1	85	6400	50	0.9	45	50	55	50	65	0	20
7	0.5	0.5	1	1	2	1	1	2	1	1	1	1	1	1	2	0.5	1	1	125	6400	60	1.4	65	50	95	60	105	0	35.5
16	1	1	2	0.5	2	1	0.5	1	1	0.5	1	2	1	1	1	1	1	0.5	120	7680	90	1.6	77	50	60	90	48	0	139
9	0.5	2	1	0	1	0	1	1	2	2	1	2	0	0.25	1	0.5	1	2	74	6400	50	1	59	0	35	50	35	14	92
9	0.5	2	1	0	1	0	1	1	2	2	1	2	0	0.25	1	0.5	1	2	124	6400	80	2.8	89	0	55	80	55	14	330
15	1	0.5	0.5	1	1	4	2	0.5	0.5	0.5	2	0.5	0.5	0	0	0.5	0.5	1	85	5120	70	0.5	45	50	40	40	60	17	10.2
15	1	0.5	0.5	1	1	4	2	0.5	0.5	0.5	2	0.5	0.5	0	0	0.5	0.5	1	125	5120	100	1.6	65	50	60	70	70	17	70
1	1	1	1	1	1	2	1	1	0	1	1	1	1	1	1	1	1	1	110	5120	95	1.6	95	50	40	95	55	0	94.6
1	0.5	1	1	2	1	1	1	1	0	0.5	0	2	1	1	1	2	1	1	83	5120	50	0.5	70	100	37	50	60	10	10.5
1	0.5	1	1	2	1	1	1	1	0	0.5	0	2	1	1	1	2	1	1	123	5120	75	1.5	100	100	57	75	80	10	41
15	1	0.5	1	2	2	1	1	1	0.5	0.5	0	2	1	1	0	2	1	1	55	5120	75	0.5	70	0	45	65	60	10	9
15	1	0.5	1	2	2	1	1	1	0.5	0.5	0	2	1	1	0	2	1	1	65	5120	105	1.2	110	0	55	95	80	10	39.5
2	0.5	1	1	1	0.5	1	0.5	1	1	0.5	2	0.5	1	1	1	2	0.5	2	97	5120	66	1.4	85	50	105	66	65	0	58
12	0.5	1	0.5	1	0.5	1	4	1	1	0.25	1	0.5	0.5	0	0.5	1	0.5	1	109	5120	112	0.3	58	50	48	48	109	17	33
15	2	0.5	2	0.5	4	2	0.5	1	0.5	0.5	1	2	1	1	0	1	1	0.5	65	10240	50	0.8	52	50	45	50	38	16	17.3
15	2	0.5	2	0.5	4	2	0.5	1	0.5	0.5	1	2	1	1	0	1	1	0.5	85	10240	70	1.4	72	50	65	70	58	16	50
15	2	0.5	2	0.5	4	2	0.5	1	0.5	0.5	1	2	1	1	0	1	1	0.5	105	10240	90	1.8	92	50	125	90	98	16	160
12	0.5	1	1	1	0.5	0.5	1	2	1	0.25	1	0.5	1	1	1	4	0.5	2	85	10240	55	1.1	55	50	50	55	60	2	28.8
12	0.5	1	1	1	0.5	0.5	1	2	1	0.25	1	0.5	1	1	1	4	0.5	2	60	10240	65	1.6	85	50	135	105	100	2	46
17	0.25	0.5	0.5	1	1	2	2	1	1	0.5	2	0.5	0.5	0	1	0.25	0.5	1	90	20480	129	2.1	91	0	90	72	108	7	250
13	0.5	0.5	1	1	2	2	0.5	1	1	2	2	1	0.5	0.5	2	0.5	2	2	129	20480	90	1.9	91	0	72	90	108	7	260
4	1	0.5	1	0.5	2	1	2	4	1	0.5	0.5	2	1	2	2	0.5	1	0.5	90	20480	72	2	91	0	90	129	108	7	200
10	0.5	1	1	2	1	0.5	1	1	1	0.5	0	2	1	1	1	2	1	1	100	30720	80	1.5	79	100	110	90	121	0	63
5	0.5	1	1	1	1	0.5	1	0.5	1	0.5	0	2	1	1	1	2	0.5	1	105	30720	70	1.5	79	100	145	80	101	10	61
16	0.5	1	2	0.5	1	1	0.25	1	1	0.25	2	1	1	1	1	2	0.5	1	120	30720	100	3.2	100	0	150	120	90	2	330
16	1	1	2	0.25	2	1	0.5	0.5	1	0.5	2	2	1	1	1	1	0.5	0.5	150	30720	120	2.9	100	0	120	100	90	5	345
9	0.5	1	1	0	1	0.5	1	1	1	1	0	4	1	0.5	1	1	1	2	145	30720	90	1.5	89	100	105	80	91	10	68
16	1	1	2	0.5	2	2	1	1	1	0.5	1	1	1	1	1	2	2	0.5	120	30720	90	3	125	0	170	100	95	6	325
3	0.5	0.5	1	2	2	1	0.5	2	1	2	1	0.5	1	1	2	0.5	0.5	0.5	72	20480	90	1.4	91	0	129	90	108	7	48.5
1	2	2	1	1	1	1	1	1	0	1	1	1	1	1	0.5	1	1	1	128	30720	90	0.6	100	0	77	77	128	11	6.5
12	0.5	1	0.5	1	0.5	1	4	1	1	0.25	1	0.5	0.5	0	0.5	1	0.5	1	120	30720	95	1.5	71	0	120	95	99	17	82.5
4	2	1	1	0.5	1	1	2	2	1	0.5	0.5	2	1	2	1	1	1	0.5	61	5120	65	0.4	56	88.1	48	45	38	0	9
4	2	1	1	0.5	1	1	2	2	1	0.5	0.5	2	1	2	1	1	1	0.5	78	5120	95	0.7	61	88.1	56	58	57	0	29
4	1	0.5	1	0.5	2	1	2	4	1	0.5	0.5	2	1	2	2	0.5	1	0.5	107	5120	122	1.6	88	88.1	74	75	64	7	90
2	0.5	1	1	1	0.5	1	0.5	1	1	0.5	2	0.5	1	1	1	2	0.5	2	45	5120	40	0.4	40	88.1	62	60	60	0	9.4
2	0.5	1	1	1	0.5	1	0.5	1	1	0.5	2	0.5	1	1	1	2	0.5	2	59	5120	58	1	59	88.1	90	70	73	0	14.5
2	1	2	1	1	0.5	0.5	0.5	1	2	0.5	2	0.5	1	1	0.5	2	0.5	2	69	5120	72	1.5	75	88.1	114	100	104	11	39
3	1	1	1	2	1	1	0.5	1	1	2	1	0.5	1	1	1	1	0.5	0.5	56	5120	40	0.3	41	88.1	62	44	71	0	7
3	1	1	1	2	1	1	0.5	1	1	2	1	0.5	1	1	1	1	0.5	0.5	63	5120	52	0.6	54	88.1	83	56	97	0	10.9
3	2	0.5	1	2	2	2	0.5	1	0.5	2	1	0.5	1	1	0	1	0.5	0.5	145	5120	67	1.5	72	88.1	153	71	132	15	40
1	1	1	1	1	1	2	1	1	0	1	1	1	1	1	1	1	1	1	36	3840	38	0.4	38	50	32	36	57	0	5
1	1	1	1	0	1	2	1	1	0	2	1	2	1	0.5	1	0.5	1	2	56	3840	77	1	85	50	50	77	78	9	42.4
1	0.5	1	1	2	1	1	1	1	0	0.5	0	2	1	1	1	2	1	1	50	3840	43	0.3	45	50	40	38	62	10	1.7
2	0.25	1	1	2	0.5	0.5	0.5	1	1	0.25	0	1	1	1	1	4	0.5	2	73	3840	55	0.7	62	50	56	52	84	10	16
2	0.25	1	1	2	0.5	0.5	0.5	1	1	0.25	0	1	1	1	1	4	0.5	2	81	3840	71	1.2	78	50	74	69	126	10	24.5
12	1	1	1	1	1	0.5	2	2	1	0.5	0.5	1	1	1	1	2	1	1	35	3840	40	0.3	38	50	27	25	35	0	2.5
12	1	1	1	1	1	0.5	2	2	1	0.5	0.5	1	1	1	1	2	1	1	22	3840	60	0.3	45	50	27	30	29	0	8.4
12	0.5	1	1	2	1	0.25	2	2	1	0.25	0	2	1	1	1	4	1	1	52	3840	50	1.2	80	50	90	50	89	10	17
2	0.5	1	1	1	0.5	2	0.5	1	0	0.5	2	0.5	1	1	1	2	0.5	2	50	5120	58	0.6	62	11.2	73	54	72	1	13.5
2	0.5	1	1	1	0.5	2	0.5	1	0	0.5	2	0.5	1	1	1	2	0.5	2	68	5120	72	1.5	86	11.2	109	66	106	1	81.5
18	0.5	0.5	0	1	1	0.5	1	1	1	1	1	1	1	2	1	1	2	1	38	5120	39	0.1	44	0	61	79	42	0	0.1
18	0.5	0.5	0	1	1	0.5	1	1	1	1	1	1	1	2	1	1	2	1	65	5120	67	0.2	74	0	125	128	92	0	0.9
18	0.5	0.5	0	1	1	0.5	1	1	1	1	1	1	1	2	1	1	2	1	65	5120	68	1.1	78	0	112	154	75	0	10
4	2	1	1	0.5	1	1	2	2	1	0.5	0.5	2	1	2	1	1	1	0.5	65	5120	48	0.9	66	50	62	57	52	0	31
4	2	1	1	0.5	1	1	2	2	1	0.5	0.5	2	1	2	1	1	1	0.5	100	5120	62	1.7	123	50	97	81	68	0	91
7	0.5	0.5	1	1	2	1	1	2	1	1	1	1	1	1	2	0.5	1	1	82	6400	62	0.6	67	50	46	48	43	0	8
7	1	0.25	1	1	4	2	1	2	0.5	1	1	1	1	1	0	0.5	1	1	124	6400	78	2.1	95	50	69	71	58	15	136
1	1	1	1	1	1	2	1	1	0	1	1	1	1	1	1	1	1	1	80	5120	60	1.2	75	50	65	90	102	0	28
11	2	2	1	1	1	0.5	1	1	2	1	1	1	1	1	0.5	1	1	1	48	5120	54	0.3	62	50	63	60	68	0	3.5
11	2	2	1	1	1	0.5	1	1	2	1	1	1	1	1	0.5	1	1	1	48	5120	76	0.6	74	50	83	81	104	0	8.5
17	0.25	2	0.5	1	0.5	0	2	0.5	2	0.5	2	0.5	0	0	0.5	0.5	0.5	1	80	5120	100	0.8	45	50	35	37	28	14	2
17	0.25	2	0.5	1	0.5	0	2	0.5	2	0.5	2	0.5	0	0	0.5	0.5	0.5	1	110	5120	150	0.8	59	50	45	49	35	14	4.5
17	0.25	2	0.5	1	0.5	0	2	0.5	2	0.5	2	0.5	0	0	0.5	0.5	0.5	1	150	5120	50	1.7	60	50	150	50	60	14	53
18	0.5	0.5	0	1	1	0.5	1	1	1	1	1	1	1	2	1	1	2	1	52	5120	60	0.2	78	50	63	65	23	0	0.5
18	0.5	0.5	0	1	1	0.5	1	1	1	1	1	1	1	2	1	1	2	1	72	5120	72	0.8	101	50	99	89	29	0	15.5
18	0.5	0.5	0	1	1	0.5	1	1	1	1	1	1	1	2	1	1	2	1	48	5120	66	0.4	62	50	59	57	49	0	3.5
18	0.5	0.5	0	1	1	0.5	1	1	1	1	1	1	1	2	1	1	2	1	80	5120	86	0.8	82	50	85	75	72	0	5
15	4	1	1	1	2	1	1	1	1	1	1	1	1	1	0	1	1	1	54	5120	53	0.4	53	50	37	46	45	11	3.5
15	4	1	1	1	2	1	1	1	1	1	1	1	1	1	0	1	1	1	92	5120	88	1.5	86	50	68	75	73	11	47
13	1	1	1	2	1	2	0.25	0.5	1	4	2	0.5	0.5	0.5	1	1	1	1	52	5120	67	0.5	42	50	39	56	50	3	31
13	1	1	1	2	1	2	0.25	0.5	1	4	2	0.5	0.5	0.5	1	1	1	1	105	5120	115	1.3	72	50	54	86	68	3	96
8	0.5	1	1	2	0.5	0.5	0.5	1	1	1	2	0.5	1	0.5	2	1	0.5	0.5	60	5120	60	0.5	50	50	60	60	30	3	7.3
8	0.5	1	2	0.5	1	0.5	0.5	1	1	0.25	2	2	1	0.5	2	1	1	0.5	75	5120	90	1.8	65	50	97	123	44	16	81.5
3	1	1	1	2	1	1	0.5	1	1	2	1	0.5	1	1	1	1	0.5	0.5	53	3840	62	0.5	50	50	58	63	44	0	8.3
3	1	1	1	2	1	1	0.5	1	1	2	1	0.5	1	1	1	1	0.5	0.5	73	3840	88	1.3	71	50	120	89	59	0	35.3
5	1	1	1	0.5	1	2	1	0.5	0	1	2	1	1	1	1	1	0.5	1	38	5120	33	0.5	44	50	61	43	70	1	6
5	1	1	1	0.5	1	2	1	0.5	0	1	2	1	1	1	1	1	0.5	1	55	5120	52	1	62	50	109	94	109	1	21
13	1	1	2	0.5	2	2	0.25	0.5	1	1	2	2	0.5	0.5	1	1	2	1	89	7680	77	0.8	58	88.1	45	45	48	16	26
13	1	1	2	0.5	2	2	0.25	0.5	1	1	2	2	0.5	0.5	1	1	2	1	121	7680	119	2.5	82	88.1	69	59	71	16	270
13	1	1	1	1	1	4	1	0.5	1	2	2	0.5	0.5	0.5	1	2	4	2	59	7680	50	1.3	77	88.1	67	63	46	6	25.2
13	1	1	1	1	1	4	1	0.5	1	2	2	0.5	0.5	0.5	1	2	4	2	77	7680	72	2.7	123	88.1	99	92	58	6	225
18	0.5	0.5	0	1	1	0.5	1	1	1	1	1	1	1	2	1	1	2	1	65	8960	65	1	95	88.1	110	130	60	0	23.5
7	0.25	0.5	1	2	2	0.5	1	2	1	0.5	0	2	1	1	2	1	1	1	92	5120	75	0.8	78	50	74	63	118	10	21.5
5	0.5	0.5	0	0.5	1	0.5	1	0.5	1	1	2	1	1	2	1	1	1	1	58	5120	57	0.2	67	50	81	67	101	18	2.2
13	0.5	0.5	0	1	1	1	0.5	0.5	1	2	2	1	0.5	1	1	1	4	2	50	6400	150	0.3	50	0	50	150	50	18	5.7
16	1	1	2	0.5	2	1	0.5	1	1	0.5	1	2	1	1	1	1	1	0.5	50	10240	35	0.3	45	50	55	75	40	0	2.8
16	1	1	2	0.5	2	1	0.5	1	1	0.5	1	2	1	1	1	1	1	0.5	75	10240	53	0.8	68	50	83	113	60	0	17.5
16	1	1	2	0.5	2	1	0.5	1	1	0.5	1	2	1	1	1	1	1	0.5	100	10240	70	2	90	50	110	150	80	0	150.5
17	0.25	0.5	0	1	0.5	1	2	0.5	1	0.5	2	0.5	0.5	0	0.5	0.5	1	1	80	5120	91	0.2	57	50	80	87	75	18	3
14	1	2	1	0.5	1	0	2	2	2	0.5	0.5	2	0	1	1	1	1	0.5	70	5120	48	0.4	43	50	50	60	38	4	7
14	1	2	1	0.5	1	0	2	2	2	0.5	0.5	2	0	1	1	1	1	0.5	110	5120	76	1.5	85	50	65	82	56	4	71
14	1	2	1	0.5	1	0	2	2	2	0.5	0.5	2	0	1	1	1	1	0.5	66	5120	70	0.8	59	50	44	55	41	4	15
14	1	2	1	0.5	1	0	2	2	2	0.5	0.5	2	0	1	1	1	1	0.5	100	5120	122	1.7	85	50	58	75	54	4	39
6	1	1	1	1	1	2	2	1	1	1	1	0.5	1	1	1	2	2	1	69	5120	85	1	55	50	32	35	28	0	99.5
6	1	1	1	1	1	2	2	1	1	1	1	0.5	1	1	1	2	2	1	117	5120	184	2	95	50	44	46	28	0	505
10	0.5	1	2	1	2	0.5	0.5	1	1	0.25	0	4	1	1	1	2	1	0.5	30	5120	35	0.5	40	50	45	40	55	16	8
10	0.5	1	2	1	2	0.5	0.5	1	1	0.25	0	4	1	1	1	2	1	0.5	70	5120	80	1.5	85	50	97	80	123	16	85
18	0.5	0.5	0	1	1	0.5	1	1	1	1	1	1	1	2	1	1	2	1	131	30720	95	3	126	0	131	98	99	0	215
15	1	0.5	1	2	2	1	1	1	0.5	0.5	0	2	1	1	0	2	1	1	131	30720	95	5.8	126	0	131	98	99	10	203
16	1	1	2	0	2	1	0.5	1	1	1	1	4	1	0.5	1	0.5	1	1	100	30720	121	5	216	0	91	95	85	9	284.6
13	0.5	0.5	0	1	1	1	0.5	0.5	1	2	2	1	0.5	1	1	1	4	2	160	6400	110	0.7	50	0	160	110	110	18	8.8
11	1	4	1	1	1	0	1	1	4	1	1	1	0	0.5	0.5	1	1	1	160	30720	60	0	80	0	170	130	80	14	0
2	0.5	1	1	2	0.5	1	0.25	1	1	1	2	0.25	1	1	1	2	0.25	1	110	30720	120	1.7	80	0	130	90	70	3	195
4	1	1	1	1	1	0.5	2	2	1	0.25	0	4	1	2	1	2	1	0.5	55	3840	55	0.3	68	88.1	50	50	42	10	1.5
4	1	1	1	1	1	0.5	2	2	1	0.25	0	4	1	2	1	2	1	0.5	75	3840	75	0.7	78	88.1	70	70	52	10	16
4	1	2	1	0.5	1	0	2	2	2	0.5	0.5	2	0	1	1	1	1	0.5	107	3840	75	1.6	78	88.1	100	100	70	14	36.6
2	0.5	1	1	1	0.5	1	0.5	1	1	0.5	2	0.5	1	1	1	2	0.5	2	65	3840	40	0.4	45	88.1	60	40	70	0	4.3
2	0.5	1	1	1	0.5	1	0.5	1	1	0.5	2	0.5	1	1	1	2	0.5	2	85	3840	50	0.7	65	88.1	80	50	90	0	25
2	1	0.5	1	1	1	2	0.5	1	0.5	0.5	2	0.5	1	1	0	2	0.5	2	115	3840	90	1.8	95	88.1	80	90	60	15	83
3	1	1	1	2	1	1	0.5	1	1	2	1	0.5	1	1	1	1	0.5	0.5	54	3840	54	0.4	50	88.1	66	56	40	0	7.5
3	1	1	1	2	1	1	0.5	1	1	2	1	0.5	1	1	1	1	0.5	0.5	69	3840	69	0.6	60	88.1	91	81	50	0	17.5
3	0.5	0.5	0	2	1	0.5	0.5	1	1	2	1	0.5	1	2	1	1	1	0.5	74	3840	74	1.8	80	88.1	126	116	60	18	44
1	0.5	1	1	2	1	1	1	1	0	0.5	0	2	1	1	1	2	1	1	75	3840	30	0.3	35	50	30	30	65	10	1.2
1	0.5	1	1	2	1	1	1	1	0	0.5	0	2	1	1	1	2	1	1	85	3840	50	0.6	55	50	40	50	75	10	14.8
1	0.5	1	1	2	1	1	1	1	0	0.5	0	2	1	1	1	2	1	1	120	3840	75	1.1	80	50	75	75	60	10	26
1	1	1	1	1	1	2	1	1	0	1	1	1	1	1	1	1	1	1	70	3840	30	0.4	48	50	30	30	45	0	6
1	1	1	1	1	1	2	1	1	0	1	1	1	1	1	1	1	1	1	110	3840	60	0.7	88	50	55	60	45	0	14.2
12	1	1	1	1	1	0.5	2	2	1	0.5	0.5	1	1	1	1	2	1	1	62	3840	45	0.4	47	50	55	45	46	0	4.4
12	1	1	1	0.5	1	0.5	2	1	1	0.5	1	1	1	1	1	2	0.5	1	82	3840	95	0.5	57	50	55	75	36	5	10.5
12	1	1	1	0.5	1	0.5	2	1	1	0.5	1	1	1	1	1	2	0.5	1	70	3840	90	1.5	77	50	145	75	43	5	45
7	0.5	0.5	1	1	2	1	1	2	1	1	1	1	1	1	2	0.5	1	1	82	5120	57	0.6	47	50	42	47	63	0	7
7	0.5	0.5	1	1	2	2	2	2	1	1	1	0.5	1	1	2	1	2	1	132	5120	77	1.7	97	50	62	67	43	6	180
2	0.25	1	1	2	0.5	0.5	0.5	1	1	0.25	0	1	1	1	1	4	0.5	2	70	5120	70	0.6	75	24.6	98	70	93	10	3.4
12	0.5	0.5	0	1	1	0.25	2	2	1	0.5	0.5	1	1	2	1	2	2	1	45	5120	40	0.1	40	50	55	40	84	18	0.2
12	0.5	0.5	0	1	1	0.25	2	2	1	0.5	0.5	1	1	2	1	2	2	1	55	5120	60	0.2	60	50	95	70	124	18	0.5
13	1	1	1	1	1	2	0.5	0.5	1	2	2	1	0.5	0.5	1	1	2	2	65	3840	40	0.5	45	50	30	40	60	0	9.2
13	1	1	1	1	1	2	0.5	0.5	1	2	2	1	0.5	0.5	1	1	2	2	115	3840	75	0	85	50	55	75	82	0	0
3	1	1	1	2	1	1	0.5	1	1	2	1	0.5	1	1	1	1	0.5	0.5	140	3840	130	0.2	45	50	140	135	30	0	0.3
8	0.5	1	1	2	0.5	0.5	0.5	1	1	1	2	0.5	1	0.5	2	1	0.5	0.5	53	5120	62	0.4	50	50	43	52	45	3	8
8	0.5	1	1	2	0.5	0.5	0.5	1	1	1	2	0.5	1	0.5	2	1	0.5	0.5	63	5120	152	0.7	50	50	53	142	35	3	14.5
9	1	1	1	0	1	1	1	1	1	2	1	2	1	0.5	1	0.5	1	2	100	5120	70	1	70	50	45	55	45	0	110
9	1	1	1	0	1	1	1	1	1	2	1	2	1	0.5	1	0.5	1	2	125	5120	100	2.5	100	50	55	85	35	0	920
3	1	1	1	2	1	0.5	1	2	1	1	0.5	0.5	1	1	1	2	0.5	0.5	40	3840	52	0.3	38	50	40	72	27	12	4
3	1	1	1	2	1	0.5	1	2	1	1	0.5	0.5	1	1	1	2	0.5	0.5	70	3840	92	1.8	68	50	50	132	42	12	82
4	2	1	1	0.5	1	1	2	2	1	0.5	0.5	2	1	2	1	1	1	0.5	55	5120	35	0.3	40	50	50	35	35	0	1.5
4	2	1	1	0.5	1	1	2	2	1	0.5	0.5	2	1	2	1	1	1	0.5	105	5120	90	0.9	70	50	80	90	45	0	18.5
4	1	0.5	0	0.5	1	0.5	2	2	1	0.5	0.5	2	1	4	1	1	2	0.5	35	5120	55	0.2	40	50	65	75	15	18	1.5
4	1	0.5	0	0.5	1	0.5	2	2	1	0.5	0.5	2	1	4	1	1	2	0.5	45	5120	80	1	60	50	90	100	30	18	11.5
8	0.25	1	1	1	0.25	0.5	0.5	1	1	0.25	4	0.5	1	0.5	2	2	0.5	2	44	5120	40	0.6	48	88.1	71	40	77	2	4.8
8	0.25	1	1	1	0.25	0.5	0.5	1	1	0.25	4	0.5	1	0.5	2	2	0.5	2	64	5120	60	1.2	68	0	111	60	117	2	22.2
1	0.5	0.5	1	1	2	2	1	2	0	1	1	1	1	1	2	0.5	1	1	75	3840	50	0.5	70	50	45	50	50	7	6.8
1	0.5	0.5	1	1	2	2	1	2	0	1	1	1	1	1	2	0.5	1	1	125	3840	80	2.1	120	50	55	60	60	7	135
4	2	1	1	0.5	1	1	2	2	1	0.5	0.5	2	1	2	1	1	1	0.5	30	5120	38	0.3	42	0	30	38	32	0	3.2
4	2	1	1	0.5	1	1	2	2	1	0.5	0.5	2	1	2	1	1	1	0.5	40	5120	48	0.7	52	0	40	48	62	0	8.2
4	2	1	1	0.5	1	1	2	2	1	0.5	0.5	2	1	2	1	1	1	0.5	120	5120	98	1.2	72	0	50	98	72	0	21.4
18	0.5	0.5	0	1	1	0.5	1	1	1	1	1	1	1	2	1	1	2	1	52	5120	90	0.1	51	24.6	82	110	100	0	0.3
1	2	2	1	1	1	1	1	1	0	1	1	1	1	1	0.5	1	1	1	60	5120	80	1.5	90	50	90	110	60	11	76
7	0.5	0.5	1	1	2	1	1	2	1	1	1	1	1	1	2	0.5	1	1	120	5120	90	2	100	50	40	60	80	0	82.8
12	1	1	1	2	1	0.5	1	2	1	1	0.5	0.5	1	1	1	2	0.5	0.5	35	5120	40	0.5	25	50	20	30	80	3	12
12	1	1	1	2	1	0.5	1	2	1	1	0.5	0.5	1	1	1	2	0.5	0.5	125	5120	140	2	75	50	60	90	40	3	108
14	0.5	2	1	0	1	0	1	1	2	2	1	2	0	0.25	1	0.5	1	2	55	3840	80	0.5	55	50	70	45	15	9	70
14	0.5	2	1	0	1	0	1	1	2	2	1	2	0	0.25	1	0.5	1	2	75	3840	110	1.3	85	50	100	75	35	9	250
3	1	1	1	2	1	1	0.5	1	1	2	1	0.5	1	1	1	1	0.5	0.5	60	3840	130	0.3	55	50	30	130	5	0	1.2
1	1	1	1	1	1	2	1	1	0	1	1	1	1	1	1	1	1	1	95	30720	95	1.9	95	0	95	95	59	0	120.5
1	1	1	1	1	1	2	1	1	0	1	1	1	1	1	1	1	1	1	95	30720	95	2.3	95	0	95	95	95	0	100.5
13	0.5	1	1	2	1	1	0.5	0.5	1	1	0	2	0.5	0.5	1	2	2	2	100	6400	60	0.3	60	0	100	60	120	10	40
1	1	1	1	1	1	2	1	1	0	1	1	1	1	1	1	1	1	1	115	5120	65	0.4	65	50	75	95	65	0	19.9
2	0.5	1	2	0.5	1	1	0.25	1	1	0.25	2	1	1	1	1	2	0.5	1	78	5120	135	2	60	50	91	85	36	16	212
5	0.5	1	0.5	0.5	0.5	2	2	0.25	1	0.5	4	0.5	0.5	0	0.5	0.5	0.25	1	98	2560	63	0.3	65	50	40	73	96	17	3.3
14	0.25	1	0	1	1	0	1	1	2	1	1	1	0	1	1	1	2	1	90	5120	80	0.2	55	50	50	105	96	18	0.7
3	2	2	1	2	1	0.5	0.5	1	2	2	1	0.5	1	1	0.5	1	0.5	0.5	105	3840	70	0.9	68	50	70	70	92	11	19
1	1	1	2	0.5	2	2	0.5	1	0	0.5	1	2	1	1	1	1	1	0.5	60	5120	85	3	78	50	135	91	36	16	185
14	1	2	1	0.5	1	0	2	2	2	0.5	0.5	2	0	1	1	1	1	0.5	131	6400	100	3.9	70	0	86	90	40	4	210
16	1	1	2	0.5	2	1	0.5	1	1	0.5	1	2	1	1	1	1	1	0.5	55	10240	65	0.6	45	50	45	45	45	0	29.7
16	0.5	0.5	2	0.5	4	1	0.5	2	1	0.5	1	2	1	1	2	0.5	1	0.5	75	10240	90	1.2	55	50	65	70	65	7	47
16	0.5	0.5	2	0.5	4	1	0.5	2	1	0.5	1	2	1	1	2	0.5	1	0.5	110	10240	125	1.6	75	50	100	105	85	7	78.2
5	0.5	0.5	0	0.5	1	0.5	1	0.5	1	1	2	1	1	2	1	1	1	1	115	3840	85	1.8	70	0	95	75	130	18	20.5
11	1	1	0	1	1	0.25	1	1	2	1	1	1	1	2	0.5	1	2	1	85	3840	75	1.2	70	0	130	115	95	18	18.6
4	1	0.5	0	0.5	1	0.5	2	2	1	0.5	0.5	2	1	4	1	1	2	0.5	130	3840	115	1.9	70	0	85	95	75	18	45.5
3	0.5	0.5	0	2	1	0.5	0.5	1	1	2	1	0.5	1	2	1	1	1	0.5	75	3840	115	1.3	70	0	95	130	85	18	21.2
11	2	2	1	1	1	0.5	1	1	2	1	1	1	1	1	0.5	1	1	1	29	30720	31	0.2	43	0	29	31	37	0	0.1
11	2	2	1	1	1	0.5	1	1	2	1	1	1	1	1	0.5	1	1	1	29	30720	131	0.1	43	0	29	131	37	0	999.9
11	1	2	0.5	1	0.5	1	2	0.5	2	0.5	2	0.5	0.5	0	0.25	0.5	0.5	1	137	30720	107	3.4	137	0	113	89	97	17	230
11	1	4	1	1	1	0	1	1	4	1	1	1	0	0.5	0.5	1	1	1	113	30720	89	4	137	0	137	107	97	14	120
13	0.5	1	1	1	0.5	1	0.5	0.5	1	1	4	1	0.5	0.25	2	1	2	2	53	30720	47	1.2	109	0	127	131	103	8	55.5
12	0.5	0.5	1	1	2	0.5	2	4	1	0.5	0.5	1	1	1	2	1	1	1	139	30720	139	2.4	107	0	53	53	79	7	333.6
12	0.5	0.5	1	1	2	0.5	2	4	1	0.5	0.5	1	1	1	2	1	1	1	137	30720	37	1.8	71	0	137	37	151	7	25
5	1	1	1	0.5	1	1	1	0.5	1	1	2	1	1	1	1	1	0.5	1	89	30720	71	3.8	83	0	173	71	83	0	100
17	0.25	1	0.5	2	0.5	1	2	0.5	1	0.25	0	1	0.5	0	0.5	1	0.5	1	101	30720	103	9.2	97	0	107	101	61	10	999.9
4	1	1	0.5	0.5	0.5	2	4	1	1	0.25	1	1	0.5	0	0.5	0.5	0.5	0.5	181	30720	131	0.3	59	0	59	31	109	17	0.1
15	2	0.5	2	0.5	4	2	0.5	1	0.5	0.5	1	2	1	1	0	1	1	0.5	101	30720	53	5.5	223	0	97	53	43	16	888
11	2	2	1	1	1	0.5	1	1	2	1	1	1	1	1	0.5	1	1	1	107	30720	101	2.4	97	0	127	89	79	0	230
17	0.25	0.5	0	1	0.5	1	2	0.5	1	0.5	2	0.5	0.5	0	0.5	0.5	1	1	95	30720	115	1	80	0	130	115	65	18	80.5
